entity_name,year,U.S. dollars,Euro,SDR,Japanese yen,Pound sterling,Multiple currencies,All other currencies
Low & middle income,2001,64.1788081205323,11.7932373319077,0.621115235525616,11.6068641172664,1.05027154551114,7.37158202022791,3.378121629028973
Low & middle income,2023,80.258151785281,9.64936248250902,1.27702587780214,3.88928936841898,0.209835866750055,0.283620888892893,4.43271373034591
Low & middle income,2022,81.1551826378452,8.73925249915502,1.36169765176649,3.89302582718099,0.182687114514554,0.34088902462225,4.327265244915514
Low & middle income,2021,80.6763533444356,8.50113531563421,1.46334115164058,4.03703228081127,0.231618493626685,0.375523224055956,4.714996189795719
Low & middle income,2020,79.7832428123897,8.82568958588323,1.60348723977214,4.69448214736281,0.245317477799971,0.425128597101185,4.42265213969091
Low & middle income,2019,79.6793625718699,8.59216553771883,1.64528379918349,4.65813924030905,0.198661610473899,0.410955631186022,4.815431609258807
Low & middle income,2018,79.5561352048592,8.44794815798019,1.78873938986037,4.87856181469844,0.209329068188496,0.531986283919498,4.587300080493794
Low & middle income,2017,79.1674212227256,8.54965230198375,1.81779546081175,5.02175575315912,0.219340323901953,0.657998010751753,4.566036926666077
Low & middle income,2016,79.4615187446684,8.08289711793132,1.96349345181682,5.5297361637765,0.21780548658261,0.814269809671287,3.93027922555311
Low & middle income,2015,79.6291570258098,8.18037353883963,2.1178509253563,5.60550487317805,0.288774672886822,0.974271884066959,3.204067079862418
Low & middle income,2014,78.8277128968607,8.63078800416358,2.21702662306962,5.7158312649406,0.343438877097837,1.10463593541952,3.160566398448104
Low & middle income,2013,75.6086116398814,9.92807858698915,2.58299773769609,7.14376251538016,0.272827484373937,1.27074618175044,3.192975853928792
Low & middle income,2012,72.7500453482371,9.86767566934878,3.15102852806379,9.4086583190934,0.35500659213986,1.66635862057844,2.801226922538642
Low & middle income,2011,68.8979279079091,10.8647616659872,3.4836512647796,11.7013505200601,0.366869456549499,1.97453994477771,2.710899239936657
Low & middle income,2010,66.9230994662157,12.0582333759801,3.48974423874353,12.0534254533826,0.420233703985719,2.37547364593922,2.6797901157530943
Low & middle income,2009,64.8778057852707,14.3011797089475,3.03943989137216,11.7160003540935,0.531383955617691,2.80926638657203,2.7249239181263807
Low & middle income,2008,65.0107365432111,13.9179368288963,2.32013848959856,12.2931409658349,0.434388023776712,3.37762251370342,2.6460366349790037
Low & middle income,2007,64.9583769261869,15.4966748416546,2.10138969855397,10.272863009233,0.684409864090066,3.72654477646632,2.759740883815209
Low & middle income,2006,64.2767244035263,14.9709025095387,1.82464146829126,10.8945443038775,0.803783669963799,4.39308699040178,2.8363166544006377
Low & middle income,2005,64.5258265178433,14.0183353628218,1.52207009181067,11.0873138840245,1.22256245433567,4.98602934958426,2.637862339579835
Low & middle income,2004,61.5451627622968,16.1795500789805,1.06948800437334,11.711529972764,1.44904685314242,5.37698871157898,2.668233616863986
Low & middle income,2003,61.2042219205944,15.1108841392098,0.747986164174534,12.3240576137162,1.41123098741029,6.11565725383434,3.085961921060479
Low & middle income,2024,79.6925452586377,9.87877650876328,1.14697825091968,3.74186811901769,0.1601045730612,0.225077354285168,5.154649935315259
Low & middle income,2002,63.9212941085774,12.5375961524764,0.639678511737426,11.988186943902,1.03013255460962,6.64357584132851,3.239535887368701
Afghanistan,2006,72.1838,0.0,19.3505,0.0,2.7342,0.0,5.7315
Afghanistan,2017,71.4215,0.0786,21.7155,0.0,0.0,0.0,6.78440000000001
Afghanistan,2014,72.119,0.0,22.2878,0.0,0.0,0.0,5.5932
Afghanistan,2015,71.5365,0.0,21.4677,0.0,0.0,0.0,6.9958
Afghanistan,2016,71.6963,0.0702,21.3976,0.0,0.0,0.0,6.83590000000001
Afghanistan,2011,73.8642,0.0,22.1487,0.0,0.0,0.0,3.9871
Afghanistan,2007,82.0077,0.0,13.457,0.0,1.3493,0.0,3.18600000000001
Afghanistan,2018,71.4005,0.0763,21.1474,0.0,0.0,0.0,7.3758
Afghanistan,2019,70.7864,1.2311,20.6174,0.0,0.0,0.0,7.3651
Afghanistan,2020,70.6726,1.3345,20.7455,0.0,0.0,0.0,7.2474
Afghanistan,2021,71.0905,1.2644,20.2608,0.0,0.0,0.0,7.3843
Afghanistan,2022,71.5724,1.2218,19.7452,0.0,0.0,0.0,7.4606
Afghanistan,2023,71.5704,1.2676,19.6798,0.0,0.0,0.0,7.48219999999999
Afghanistan,2024,72.0254,1.2329,19.0611,0.0,0.0,0.0,7.6806
Afghanistan,2010,75.3835,0.0,21.0694,0.0,0.0,0.0,3.5471
Afghanistan,2009,79.9623,0.0,16.8003,0.0,0.0,0.0,3.23740000000001
Afghanistan,2008,82.6347,0.0,14.2972,0.0,0.0,0.0,3.0681
Afghanistan,2013,72.7916,0.0,22.6835,0.0,0.0,0.0,4.5249
Afghanistan,2012,73.2074,0.0,22.5991,0.0,0.0,0.0,4.1935
Albania,2007,52.1283,34.9487,2.9416,2.9763,0.0,0.0,7.0051
Albania,2001,74.0909,19.8202,0.8047,2.6225,0.0,0.0,2.6617
Albania,2002,61.8231,26.9263,1.1346,2.8052,0.0,0.0,7.3108
Albania,2003,59.8322,28.9235,1.2735,3.0143,0.0,0.0,6.95650000000001
Albania,2005,58.4943,28.2109,2.4376,3.9545,0.0,0.0,6.9027
Albania,2006,54.9937,31.2112,2.5899,3.4152,0.0,0.0,7.78999999999999
Albania,2004,58.4547,29.5112,2.0678,3.3619,0.0,0.0,6.6044
Albania,2019,41.9949,49.1137,1.606,2.1521,0.0,0.0,5.13329999999999
Albania,2016,34.6955,55.4372,2.5019,2.0672,0.0,0.0,5.29820000000001
Albania,2017,38.6824,52.1871,2.062,2.1367,0.0,0.0,4.93180000000001
Albania,2018,39.4264,51.7319,1.7823,2.1508,0.0,0.0,4.90860000000001
Albania,2008,40.2217,48.3065,2.879,2.7466,0.0,0.0,5.84620000000001
Albania,2020,37.2884,55.3357,1.2084,1.7861,0.0,0.0,4.3814
Albania,2021,34.394,59.4732,0.8934,1.3872,0.0,0.0,3.85220000000001
Albania,2015,33.731,56.5963,2.7897,1.6568,0.0,0.0,5.22620000000001
Albania,2013,32.0444,57.731,3.2663,1.1821,0.0,0.0,5.77619999999999
Albania,2023,32.7599,62.8324,0.4685,0.8898,0.0,0.0,3.04939999999999
Albania,2024,34.0547,61.5602,0.3453,0.8014,0.0,0.0,3.2384
Albania,2012,32.355,57.4961,3.3247,1.5926,0.0,0.0,5.23160000000001
Albania,2011,30.878,59.0483,3.2741,1.9578,0.0,0.0,4.84180000000001
Albania,2010,30.6052,59.1744,3.025,2.0309,0.0,0.0,5.1645
Albania,2009,34.5647,55.0649,3.0424,2.0328,0.0,0.0,5.29519999999999
Albania,2022,35.4624,58.7331,0.7291,1.1971,0.0,0.0,3.8783
Albania,2014,37.0817,52.4127,3.2481,1.5141,0.0,0.0,5.74340000000001
Algeria,2008,29.2783,59.426,0.0238,5.0072,0.0,0.0,6.26470000000001
Algeria,2001,46.448,30.0297,0.0426,12.5632,1.278,2.0711,7.5674
Algeria,2002,42.708,32.8412,0.0415,13.1409,1.423,1.8568,7.9886
Algeria,2003,37.3117,37.6145,0.0473,12.7861,1.6674,1.7399,8.8331
Algeria,2004,36.051,42.052,0.05,11.068,1.9719,0.4361,8.371
Algeria,2006,29.0362,58.9092,0.0271,6.1648,0.0,0.0116,5.85109999999999
Algeria,2005,40.8245,40.5442,0.0503,8.2102,1.39,0.1672,8.81360000000001
Algeria,2007,28.443,60.1721,0.0259,4.6886,0.0,0.0123,6.658100000000021
Algeria,2019,0.0084,24.7703,0.0,0.5525,0.0,0.0,74.6688
Algeria,2016,3.4615,33.4886,0.0,0.5615,0.0,0.0,62.4884
Algeria,2017,1.2213,31.4261,0.0,0.5182,0.0,0.0,66.8344
Algeria,2018,0.0891,28.3645,0.0,0.5468,0.0,0.0,70.9996
Algeria,2009,28.8874,60.5674,0.0,4.1925,0.0,0.0,6.3527000000000005
Algeria,2020,0.0,21.1523,0.0,0.5125,0.0,0.0,78.3352
Algeria,2021,0.0,18.208,0.0,0.4814,0.0,0.0,81.3106
Algeria,2015,10.7532,75.8396,0.0,1.0957,0.0,0.0,12.3115
Algeria,2022,0.0,16.3154,0.0,0.4298,0.0,0.0,83.2548
Algeria,2023,0.0,14.862,0.0,0.3705,0.0,0.0,84.7675
Algeria,2024,0.0,14.053,0.0,0.3313,0.0,0.0,85.6157
Algeria,2012,15.7653,72.9302,0.0,0.9847,0.0,0.0,10.3198
Algeria,2011,32.2339,59.1567,0.0,0.8477,0.0,0.0,7.76169999999999
Algeria,2010,30.0201,58.2562,0.0,4.6507,0.0,0.0,7.07300000000001
Algeria,2013,12.9506,75.1413,0.0,0.8658,0.0,0.0,11.0423
Algeria,2014,12.1132,74.897,0.0,0.9173,0.0,0.0,12.0725
Angola,2007,90.5096,6.487,2.3894,0.0,0.1694,0.3465,0.0981000000000005
Angola,2009,88.275,9.7442,1.5839,0.0,0.0921,0.2121,0.0926999999999961
Angola,2001,85.205,8.0536,1.8748,0.452,1.1315,0.5019,2.7812
Angola,2002,84.5875,8.8573,1.867,0.4601,1.1109,0.5058,2.61139999999999
Angola,2003,85.0388,7.8803,1.9859,0.5087,1.2149,0.527,2.84440000000001
Angola,2004,83.2174,11.3223,2.245,0.4508,1.1953,0.5079,1.0613000000000001
Angola,2008,90.133,7.7597,1.7096,0.0,0.089,0.2311,0.07760000000001069
Angola,2005,87.3314,8.2318,2.0761,0.3414,0.9146,0.3289,0.7758000000000019
Angola,2006,89.748,6.2318,2.8405,0.0,0.2084,0.4243,0.5470000000000019
Angola,2020,90.7383,5.4574,0.1998,0.8429,0.0,0.0309,2.7307
Angola,2011,90.1291,8.1144,1.2189,0.2163,0.0519,0.1448,0.124600000000001
Angola,2012,89.2525,8.5489,1.0854,0.8181,0.0484,0.127,0.119700000000008
Angola,2013,89.5401,8.7748,0.8351,0.6164,0.04,0.0929,0.10070000000001031
Angola,2014,90.8066,5.8439,0.5775,0.7444,0.0294,0.0625,1.9357000000000002
Angola,2015,91.284,4.8391,0.5006,1.3564,0.0276,0.0554,1.93689999999999
Angola,2024,86.4992,9.9851,0.0811,0.5117,0.0,0.0196,2.9033
Angola,2023,87.0592,9.6121,0.0971,0.6359,0.0,0.0231,2.57259999999999
Angola,2022,89.9621,6.7826,0.1213,0.6025,0.0,0.0231,2.50839999999999
Angola,2021,90.427,5.9382,0.164,0.7626,0.0,0.0276,2.6806
Angola,2010,89.6393,8.5386,1.4562,0.0,0.0781,0.1785,0.109299999999989
Angola,2019,91.6605,4.8007,0.2172,0.8086,0.0,0.0308,2.48220000000001
Angola,2018,91.7833,4.5129,0.254,0.8809,0.0,0.0333,2.5356
Angola,2017,91.0572,4.7009,0.3335,1.0547,0.0,0.041,2.81270000000001
Angola,2016,91.8073,4.1533,0.3531,1.0826,0.0183,0.0411,2.5443000000000002
Argentina,2008,57.63,35.6384,0.0016,2.7785,0.0673,2.5425,1.341700000000005
Argentina,2010,64.5386,29.1381,0.0037,2.9741,0.0083,1.4084,1.9287999999999899
Argentina,2001,66.655,22.0557,0.0,4.0506,0.353,4.9005,1.98519999999999
Argentina,2002,63.5441,25.5551,0.0,4.3429,0.3572,4.614,1.5867
Argentina,2003,60.8376,28.6673,0.0,4.5054,0.3692,4.1572,1.46330000000001
Argentina,2004,61.3285,29.0331,0.0,4.3283,0.3748,3.531,1.4043000000000019
Argentina,2005,57.1953,33.3587,0.0,2.4786,0.0948,5.0585,1.8140999999999998
Argentina,2009,59.075,34.646,0.0005,2.555,0.0699,1.7768,1.8768
Argentina,2006,56.6726,35.0437,0.0004,2.3685,0.1014,4.096,1.7173999999999898
Argentina,2007,54.9741,37.3555,0.0008,2.2103,0.0922,3.092,2.2751
Argentina,2022,91.6197,6.1784,0.0167,0.5684,0.0011,0.0,1.6157
Argentina,2015,69.6136,24.0389,0.0519,2.6177,0.0393,0.0908,3.54779999999999
Argentina,2018,71.6773,15.4335,0.0303,0.8128,0.0079,0.0152,12.023
Argentina,2014,69.7059,25.8953,0.0415,2.6228,0.0414,0.1649,1.528200000000006
Argentina,2013,66.4294,29.3646,0.0334,2.2783,0.0086,0.4181,1.4676
Argentina,2012,67.3642,27.8793,0.0184,2.7406,0.0081,0.672,1.317399999999999
Argentina,2011,67.6688,27.1469,0.0092,3.016,0.0078,0.9694,1.181899999999997
Argentina,2019,73.6518,16.5209,0.0292,0.6308,0.0054,0.0056,9.15630000000001
Argentina,2020,89.3057,6.5439,0.027,0.709,0.0061,0.0,3.4083
Argentina,2021,90.7743,6.1651,0.0226,0.6095,0.0057,0.0,2.4228000000000103
Argentina,2017,67.577,17.699,0.0349,1.123,0.0123,0.0269,13.5269
Argentina,2023,92.0223,6.0537,0.0137,0.456,0.0011,0.0,1.4532
Argentina,2024,92.8091,5.5382,0.0103,0.3587,0.0011,0.0,1.2826
Argentina,2016,66.6769,17.7512,0.0364,1.5217,0.0189,0.0453,13.9496
Armenia,2001,89.9149,5.3709,0.9368,0.1393,0.0,1.0159,2.62219999999999
Armenia,2010,63.7167,5.7786,15.5839,14.6261,0.0,0.1156,0.179100000000005
Armenia,2002,89.9268,5.8562,0.8884,0.1796,0.0,0.9144,2.2346
Armenia,2003,90.1243,7.4435,0.9127,0.189,0.0,0.8921,0.438400000000001
Armenia,2004,87.4334,7.5556,3.7299,0.1776,0.0,0.7881,0.315399999999997
Armenia,2005,85.9955,7.9542,4.8444,0.1687,0.0,0.6831,0.354099999999988
Armenia,2006,82.235,8.7663,7.6931,0.3524,0.0,0.5632,0.390000000000001
Armenia,2011,61.9336,7.7617,15.5403,14.457,0.0,0.067,0.240399999999994
Armenia,2009,66.4613,6.256,15.6326,11.333,0.0,0.1647,0.1524
Armenia,2024,72.4681,18.3401,6.9563,1.9208,0.0,0.0,0.314699999999988
Armenia,2023,71.5141,18.1924,7.6662,2.2719,0.0,0.0,0.355400000000003
Armenia,2022,73.0784,16.2824,7.7134,2.5341,0.0,0.0,0.3917
Armenia,2021,74.7076,13.1859,8.5203,3.1352,0.0,0.0,0.450999999999993
Armenia,2020,70.651,14.7855,10.001,4.0357,0.0,0.0,0.526800000000009
Armenia,2019,72.3087,13.2355,9.9409,3.9901,0.0,0.0,0.524799999999999
Armenia,2018,71.0403,13.3315,10.733,4.3229,0.0,0.0,0.572299999999998
Armenia,2017,70.663,12.7964,11.3665,4.5505,0.0,0.0,0.62360000000001
Armenia,2016,70.7257,10.6898,12.5175,5.3568,0.0,0.0,0.7102
Armenia,2015,69.5534,9.6746,13.9924,6.0406,0.0,0.0,0.739000000000004
Armenia,2014,66.1482,11.2789,14.9081,7.4113,0.0,0.0,0.253500000000003
Armenia,2013,65.6511,11.4347,13.9291,8.7302,0.0,0.0,0.254899999999992
Armenia,2012,61.9064,10.7049,15.1761,11.9467,0.0,0.021,0.244900000000001
Armenia,2007,73.6236,8.9874,9.5792,7.0232,0.0,0.4195,0.367100000000008
Armenia,2008,66.9625,8.6688,11.6541,12.0725,0.0,0.3362,0.305899999999994
Azerbaijan,2017,77.0187,16.1145,0.7213,5.5011,0.0,0.0,0.644400000000005
Azerbaijan,2023,79.5149,15.1279,0.326,3.7931,0.0,0.0,1.238100000000006
Azerbaijan,2001,60.6581,4.6428,0.6712,22.955,0.0,0.0,11.0729
Azerbaijan,2002,53.51,4.3811,0.7284,31.2565,0.0,0.0,10.124
Azerbaijan,2003,52.0106,3.8809,0.825,34.4189,0.0,0.0,8.8646
Azerbaijan,2004,53.5063,4.3275,0.9414,33.0395,0.0,0.0,8.1853
Azerbaijan,2006,52.4645,18.5911,2.715,21.098,0.0,0.0,5.13139999999999
Azerbaijan,2007,52.2199,21.6448,3.6083,17.6704,0.0,0.0,4.85659999999999
Azerbaijan,2008,52.1178,20.7013,4.1084,18.42,0.0,0.0,4.65249999999999
Azerbaijan,2009,51.3618,26.8096,4.065,13.5766,0.0,0.0,4.18700000000001
Azerbaijan,2010,50.0391,29.2325,3.8535,13.143,0.0,0.0,3.7319000000000004
Azerbaijan,2024,78.5937,15.5142,0.3539,4.1998,0.0,0.0,1.338399999999999
Azerbaijan,2011,51.9214,28.7825,3.2088,13.0955,0.0,0.0,2.99180000000001
Azerbaijan,2013,60.2616,27.247,1.83,9.0694,0.0,0.0,1.592
Azerbaijan,2014,72.1832,18.601,1.3205,6.8048,0.0,0.0,1.09050000000001
Azerbaijan,2015,72.6869,18.386,1.1646,6.7764,0.0,0.0,0.986100000000008
Azerbaijan,2016,77.7693,14.5672,0.8807,6.0492,0.0,0.0,0.733599999999996
Azerbaijan,2018,72.9881,20.222,0.5595,5.0723,0.0,0.0,1.158100000000003
Azerbaijan,2019,74.8805,18.2936,0.4818,4.8747,0.0,0.0,1.469400000000001
Azerbaijan,2020,73.9905,19.0425,0.4421,4.9937,0.0,0.0,1.5312000000000001
Azerbaijan,2021,76.0161,17.4502,0.3994,4.6823,0.0,0.0,1.4520000000000048
Azerbaijan,2022,78.6181,15.7629,0.3478,4.0493,0.0,0.0,1.221900000000009
Azerbaijan,2012,59.9607,24.4889,2.5401,11.0205,0.0,0.0,1.9898
Azerbaijan,2005,53.841,12.5705,1.1739,26.1847,0.0,0.0,6.2299
Bangladesh,2017,63.8128,0.572,14.347,11.3545,0.3172,5.1515,4.445
Bangladesh,2004,50.8844,0.7919,7.0597,15.9509,2.098,21.1247,2.0904000000000003
Bangladesh,2023,71.301,1.6299,6.1562,15.3753,0.0239,1.1165,4.3972
Bangladesh,2022,70.3119,1.3713,6.9534,15.4019,0.043,1.4188,4.49970000000001
Bangladesh,2021,68.7406,1.1382,8.0844,15.2787,0.0724,1.8529,4.83279999999999
Bangladesh,2020,66.1145,0.862,9.7302,15.6084,0.1129,2.4632,5.108799999999991
Bangladesh,2019,66.2167,0.848,10.9806,13.4173,0.1692,3.1302,5.238
Bangladesh,2018,65.6405,0.5973,12.4415,12.3739,0.2305,3.9162,4.8001
Bangladesh,2016,63.7322,0.5,15.8045,9.302,0.4423,6.4202,3.7988
Bangladesh,2015,62.8298,0.4809,16.5441,8.4093,0.5359,7.6854,3.51460000000001
Bangladesh,2014,61.6635,0.5933,16.7528,7.352,0.6101,8.8017,4.2266
Bangladesh,2013,58.5797,0.7223,17.4185,7.7154,0.7134,10.6181,4.23259999999999
Bangladesh,2012,56.7371,0.7107,16.715,8.7458,0.807,11.6521,4.6323
Bangladesh,2011,53.6834,0.4873,16.6622,9.3131,1.0771,13.3944,5.38249999999999
Bangladesh,2010,55.5695,0.5881,16.1676,9.5724,1.2606,14.8367,2.00510000000001
Bangladesh,2009,56.9489,0.6845,14.7189,8.6629,1.3566,15.7251,1.9031000000000098
Bangladesh,2008,56.0026,0.7385,13.2561,9.6231,1.5152,16.9865,1.87799999999999
Bangladesh,2007,55.7331,0.8896,11.3908,10.0943,1.7153,18.1329,2.044
Bangladesh,2006,53.8536,0.8321,10.2098,12.5034,1.9078,18.4356,2.2577000000000003
Bangladesh,2005,52.3095,0.6818,8.8212,14.1831,2.122,19.7275,2.15490000000001
Bangladesh,2003,50.7134,0.8357,4.9926,17.2153,2.3271,21.7848,2.1311
Bangladesh,2002,48.7574,0.6831,4.9341,17.6987,2.687,22.9065,2.3331999999999997
Bangladesh,2001,48.6848,0.6324,5.0646,18.54,3.0831,21.7134,2.2817
Bangladesh,2024,72.2549,1.9246,5.4365,15.5552,0.0111,0.8803,3.9374
Belarus,2001,53.2052,30.7578,0.0,2.2648,0.0,13.754,0.018200000000009958
Belarus,2002,55.4514,30.5531,0.0,2.198,0.0,11.7554,0.042100000000002406
Belarus,2024,86.6312,3.0261,0.0,0.0,0.0,0.0,10.3427
Belarus,2021,81.5252,3.279,0.0,0.0,0.0,0.0,15.1958
Belarus,2020,85.6134,1.6746,0.0,0.0,0.0,0.0,12.712
Belarus,2019,87.7752,1.8873,0.0,0.0,0.0,0.0,10.3375
Belarus,2018,92.0585,1.5293,0.0,0.0,0.0,0.0,6.4122
Belarus,2017,90.1717,4.4751,0.0,0.0,0.0,0.0,5.3532
Belarus,2016,88.9573,5.0968,0.0,0.0,0.0,0.0,5.94589999999999
Belarus,2015,87.7952,6.3175,0.0,0.0,0.0,0.0,5.88730000000001
Belarus,2014,89.4439,2.883,0.0,0.0397,0.0,0.0,7.63339999999999
Belarus,2013,95.7883,3.0653,0.0,0.0974,0.0,0.0,1.04899999999999
Belarus,2012,95.3184,3.1367,0.0,0.2069,0.0,0.0,1.33800000000001
Belarus,2011,85.6798,3.9485,0.0,0.3584,0.0,0.0,10.0133
Belarus,2010,81.0766,5.4669,0.0,0.1731,0.0,0.0,13.2834
Belarus,2009,91.8482,5.9391,0.0,0.0,0.0,0.0,2.2127
Belarus,2008,95.4155,2.8065,0.0,0.0,0.0,0.0462,1.73180000000001
Belarus,2007,90.17,6.709,0.0,0.0837,0.0,0.5399,2.4974
Belarus,2006,61.0813,26.0298,0.0,0.66,0.0,3.973,8.2559
Belarus,2005,71.778,14.3772,0.0,1.0693,0.0,6.0626,6.71289999999999
Belarus,2004,61.604,25.1219,0.0,1.7044,0.0,9.2464,2.3233
Belarus,2003,52.2941,32.1096,0.0,2.1712,0.0,11.5281,1.89699999999999
Belarus,2022,82.1997,3.2092,0.0,0.0,0.0,0.0,14.5911
Belarus,2023,84.104,3.5998,0.0,0.0,0.0,0.0,12.2962
Belize,2003,96.075,1.9139,0.0294,0.0,0.6952,0.1709,1.1156
Belize,2024,98.3635,0.1223,0.0215,0.0,0.0,0.0,1.4927
Belize,2004,95.5538,2.0957,0.0155,0.0,0.569,0.0925,1.6735
Belize,2005,96.4612,1.6383,0.0,0.0,0.3993,0.0246,1.47659999999999
Belize,2006,96.6003,1.6551,0.0,0.0,0.3542,0.0145,1.3759
Belize,2007,96.8397,1.5952,0.0,0.0,0.1638,0.0,1.40130000000001
Belize,2008,97.4898,1.078,0.0,0.0,0.0852,0.0,1.34699999999999
Belize,2009,97.7154,0.9897,0.0,0.0,0.0687,0.0,1.22619999999999
Belize,2010,97.9044,0.86,0.0353,0.0,0.0537,0.0,1.14660000000001
Belize,2011,97.8421,0.7684,0.0787,0.0,0.0368,0.0,1.274
Belize,2012,98.0193,0.7243,0.0598,0.0,0.0194,0.0,1.1772
Belize,2002,93.8242,3.5434,0.0497,0.0,0.9652,0.2994,1.3180999999999998
Belize,2001,93.0606,4.0768,0.0732,0.0,1.2801,0.5033,1.00600000000001
Belize,2015,98.6887,0.3712,0.1137,0.0,0.0,0.0,0.826400000000007
Belize,2016,98.787,0.3307,0.1261,0.0,0.0,0.0,0.756199999999993
Belize,2017,98.4563,0.3338,0.1187,0.0,0.0,0.0,1.0912
Belize,2018,98.5174,0.2825,0.1017,0.0,0.0,0.0,1.0984
Belize,2019,98.3693,0.2481,0.0867,0.0,0.0,0.0,1.2959
Belize,2020,98.4734,0.2301,0.0706,0.0,0.0,0.0,1.2259
Belize,2021,98.4751,0.2102,0.063,0.0,0.0,0.0,1.2517
Belize,2022,98.5667,0.1715,0.047,0.0,0.0,0.0,1.2148
Belize,2023,98.5884,0.1526,0.0342,0.0,0.0,0.0,1.2248
Belize,2014,98.3738,0.4734,0.1257,0.0,0.0,0.0,1.02709999999999
Belize,2013,98.1878,0.6372,0.0845,0.0,0.0,0.0,1.09050000000001
Benin,2016,37.9117,3.5986,15.4287,0.0,0.0,0.0,43.061
Benin,2004,51.8717,5.4107,6.8373,0.0,0.0,16.7602,19.1201
Benin,2023,29.6475,49.7234,4.0123,0.0,0.0,0.0,16.6168
Benin,2022,28.3275,47.4893,4.6234,0.0,0.0,0.0,19.5598
Benin,2021,25.285,48.5619,5.0594,0.0,0.0,0.0,21.0937
Benin,2020,30.2408,34.3961,7.0902,0.0,0.0,0.0,28.2729
Benin,2019,29.8783,32.9593,8.6536,0.0,0.0,0.0,28.5088
Benin,2018,34.0297,18.3674,11.2052,0.0,0.0,0.0,36.3977
Benin,2017,36.1943,6.2047,13.5847,0.0,0.0,0.0,44.0163
Benin,2015,35.4983,4.0475,17.0447,0.0,0.0,0.0,43.4095
Benin,2014,34.1955,4.3618,18.9093,0.0,0.0,0.0142,42.5192
Benin,2013,32.1673,5.1016,21.822,0.0,0.0,0.0471,40.862
Benin,2012,31.4226,4.0919,25.1233,0.0,0.0,0.0963,39.2659
Benin,2011,31.4372,4.7068,25.2979,0.0,0.0,0.1471,38.411
Benin,2010,32.183,5.4888,25.3116,0.0,0.0,0.2028,36.8138
Benin,2009,28.827,6.223,27.1879,0.0,0.0,0.2806,37.4815
Benin,2008,29.186,5.2868,25.9562,0.0,0.0,0.3736,39.1974
Benin,2007,27.3284,5.6709,25.8767,0.0,0.0,0.4903,40.6337
Benin,2006,26.7541,5.9492,25.1467,0.0,0.0,0.7071,41.4429
Benin,2005,50.3806,4.3831,8.2223,0.0,0.0,14.6942,22.3198
Benin,2003,55.3261,5.8396,3.6779,0.0,0.0,17.5074,17.649
Benin,2002,54.1106,9.334,2.7485,2.1545,0.2986,14.8848,16.469
Benin,2001,55.2711,9.4378,2.7686,2.1789,0.2987,14.9082,15.1367
Benin,2024,28.794,53.6724,3.0474,0.0,0.0,0.0,14.4862
Bhutan,2001,17.567,4.8958,5.4211,0.0,0.0,17.6824,54.4337
Bhutan,2002,18.2846,8.4506,5.0505,0.0,0.0,14.0136,54.2007
Bhutan,2014,21.4789,5.31,6.8348,1.9075,0.0,1.3109,63.1579
Bhutan,2004,17.6239,10.3342,3.6143,0.0,0.0,7.2021,61.2255
Bhutan,2005,18.2722,9.6214,3.3088,0.0,0.0,6.1103,62.6873
Bhutan,2006,19.2427,10.9298,3.2481,0.0,0.0,5.4601,61.1193
Bhutan,2007,18.9824,11.0987,4.8307,0.0,0.0,4.9315,60.1567
Bhutan,2008,22.9308,11.5791,6.3546,0.0251,0.0,5.766,53.3444
Bhutan,2009,23.2595,10.7466,8.7326,0.0211,0.0,4.8394,52.4008
Bhutan,2010,21.672,9.5131,10.1626,3.1661,0.0,4.0661,51.4201
Bhutan,2011,22.8667,8.4071,10.4233,3.5083,0.0,3.4734,51.3212
Bhutan,2012,20.3319,6.8899,9.1083,3.285,0.0,2.4234,57.9615
Bhutan,2013,23.7542,6.5453,8.487,2.4667,0.0,1.7874,56.9594
Bhutan,2024,30.9088,0.1391,4.1562,2.6588,0.0,0.206,61.9311
Bhutan,2015,20.6001,4.0523,6.0929,1.8435,0.0,1.1257,66.2855
Bhutan,2016,18.1238,3.0858,5.0915,1.6834,0.0,0.9181,71.0974
Bhutan,2017,17.6542,2.7742,5.5324,1.4992,0.0,0.763,71.777
Bhutan,2018,19.1386,2.1088,5.828,1.5254,0.0,0.7052,70.694
Bhutan,2019,21.0395,1.671,5.8282,1.5381,0.0,0.6042,69.319
Bhutan,2020,25.3433,1.2795,5.2436,1.3744,0.0,0.4732,66.286
Bhutan,2021,26.835,0.925,5.0806,1.2203,0.0,0.3913,65.5478
Bhutan,2022,30.7111,0.6528,4.8905,1.8679,0.0,0.3273,61.5504
Bhutan,2023,31.6571,0.4035,4.6313,3.0962,0.0,0.2606,59.9513
Bhutan,2003,17.7787,10.5859,4.2491,0.0,0.0,8.8063,58.58
Bolivia,2001,59.817,0.8346,0.5963,0.0,0.0,36.4439,2.3082
Bolivia,2003,70.335,1.0133,0.6652,0.0,0.0,27.2992,0.687300000000008
Bolivia,2002,64.7403,1.1064,0.6427,0.0,0.0,31.576,1.93459999999999
Bolivia,2024,91.8986,6.0056,0.6364,0.0221,0.0,0.0496,1.3877
Bolivia,2022,92.9,4.4352,0.748,0.0284,0.0,0.0648,1.8236
Bolivia,2021,91.7945,4.9553,0.855,0.0332,0.0,0.0793,2.28270000000001
Bolivia,2020,92.2093,4.1352,0.9967,0.0366,0.0,0.097,2.5252
Bolivia,2019,92.3619,3.8194,1.0889,0.0214,0.0,0.115,2.59339999999999
Bolivia,2018,93.2488,2.3507,1.2582,0.0158,0.0,0.1427,2.9838
Bolivia,2017,92.6491,2.2808,1.4272,0.0145,0.0,0.1764,3.452
Bolivia,2016,93.1652,0.9928,1.7462,0.0153,0.0,0.2552,3.8253
Bolivia,2015,91.9334,1.106,2.0021,0.0,0.0,0.3242,4.6343
Bolivia,2014,90.6228,1.2837,2.3128,0.0,0.0,0.4606,5.3201
Bolivia,2013,90.2996,1.6342,2.7078,0.0,0.0,0.6716,4.68680000000001
Bolivia,2012,89.3795,1.9854,3.3765,0.0,0.0,1.1903,4.06830000000001
Bolivia,2011,87.376,2.4521,4.0635,0.0,0.0,2.1443,3.9641
Bolivia,2010,85.2469,2.9821,4.7675,0.0,0.0,3.8788,3.1247
Bolivia,2009,82.2881,3.4498,4.9862,0.0,0.0,5.9192,3.3567
Bolivia,2008,79.512,3.9103,4.7642,0.0,0.0,8.2438,3.5697
Bolivia,2007,77.2608,4.5875,4.9502,0.0,0.0,10.9742,2.2273
Bolivia,2006,65.8445,2.8326,3.1106,0.0,0.0,26.5986,1.61369999999999
Bolivia,2005,75.0403,1.5864,1.888,0.0,0.0,20.5531,0.932199999999995
Bolivia,2004,72.6627,1.7751,1.4999,0.0,0.0,23.4749,0.587400000000002
Bolivia,2023,91.5075,6.1153,0.6905,0.026,0.0,0.056,1.60470000000001
Bosnia and Herzegovina,2003,35.0694,36.0485,0.0688,1.0902,0.027,23.0753,4.6208
Bosnia and Herzegovina,2004,38.6922,36.2894,0.5125,1.1316,0.0246,19.357,3.9926999999999997
Bosnia and Herzegovina,2024,26.339,66.5376,0.5036,1.4407,0.0,0.8364,4.3427
Bosnia and Herzegovina,2005,40.2304,35.6099,0.6504,1.1886,0.0229,18.5493,3.7485
Bosnia and Herzegovina,2006,39.7218,37.5109,1.1385,1.2337,0.0245,16.8868,3.48379999999999
Bosnia and Herzegovina,2007,38.9458,39.7902,1.53,1.1812,0.0226,15.0897,3.4405
Bosnia and Herzegovina,2008,38.1888,40.531,1.9783,1.4426,0.016,14.5676,3.27570000000002
Bosnia and Herzegovina,2009,32.5582,49.6301,2.0674,1.1626,0.0147,11.6159,2.95109999999999
Bosnia and Herzegovina,2010,34.3153,47.9289,2.2708,1.2488,0.0133,10.5906,3.63229999999999
Bosnia and Herzegovina,2011,34.1069,48.9039,2.3705,1.2265,0.0122,9.5964,3.7836
Bosnia and Herzegovina,2012,32.062,52.7496,2.2583,0.9806,0.011,8.1431,3.7954000000000003
Bosnia and Herzegovina,2002,35.3409,33.0573,0.0504,0.1562,0.0286,26.3955,4.9711000000000105
Bosnia and Herzegovina,2014,28.1988,59.2376,1.8932,0.6071,0.0085,5.8839,4.1709000000000005
Bosnia and Herzegovina,2015,31.1189,56.2529,1.8492,0.6454,0.008,5.673,4.45260000000001
Bosnia and Herzegovina,2016,31.3927,56.4912,1.7292,0.833,0.0058,5.1257,4.4224
Bosnia and Herzegovina,2017,30.5378,58.2477,1.562,1.0721,0.0049,4.3054,4.27009999999998
Bosnia and Herzegovina,2018,31.4621,57.4483,1.4454,1.7157,0.0034,3.7469,4.1781999999999995
Bosnia and Herzegovina,2019,32.1789,56.5744,1.3666,2.3833,0.0027,3.3606,4.1335
Bosnia and Herzegovina,2020,32.1899,56.7569,1.1882,2.6017,0.0014,2.7654,4.4965
Bosnia and Herzegovina,2021,28.8727,62.0353,0.9397,2.1392,0.0,2.0794,3.9337
Bosnia and Herzegovina,2022,28.3672,63.0884,0.7855,1.8784,0.0,1.7379,4.1426
Bosnia and Herzegovina,2023,26.6623,65.8376,0.6299,1.6523,0.0,1.2833,3.9346000000000103
Bosnia and Herzegovina,2001,32.9872,31.2483,0.0,0.0,0.0303,30.5741,5.160100000000011
Bosnia and Herzegovina,2013,28.425,58.3795,2.0384,0.7006,0.0095,6.4819,3.9651000000000103
Botswana,2013,10.0303,0.1616,0.2995,1.3946,0.3084,1.9301,85.8755
Botswana,2011,7.7816,0.1732,0.3251,2.4141,0.5205,2.1314,86.6541
Botswana,2022,37.0709,0.0605,0.1239,1.6133,0.0,1.0215,60.1099
Botswana,2021,35.1066,0.076,0.1537,1.8641,0.0016,1.234,61.564
Botswana,2020,19.1077,0.1076,0.2114,2.3628,0.0102,1.616,76.5843
Botswana,2019,17.4733,0.1089,0.2033,2.1958,0.0248,1.6148,78.3791
Botswana,2018,16.5612,0.1158,0.2075,2.0055,0.0388,1.6223,79.4489
Botswana,2017,15.2055,0.1264,0.219,1.4556,0.056,1.6618,81.2757
Botswana,2016,15.5752,0.1134,0.191,1.5353,0.0645,1.5631,80.9575
Botswana,2015,14.2797,0.125,0.1992,0.8309,0.0757,1.6001,82.8894
Botswana,2014,14.5135,0.1432,0.2176,0.9609,0.1748,1.621,82.369
Botswana,2012,9.174,0.1592,0.3038,1.8602,0.3857,1.9239,86.1932
Botswana,2024,44.6946,0.0369,0.0789,6.3052,0.0,0.6734,48.211
Botswana,2010,7.9019,0.2706,0.4676,3.6294,0.8263,3.3835,83.5207
Botswana,2009,7.6219,1.975,0.4747,3.4776,0.9579,3.7336,81.7593
Botswana,2008,24.221,7.0331,1.6792,13.6577,3.5393,14.6888,35.1809
Botswana,2007,18.0528,7.8992,1.8051,13.1722,5.4388,17.5472,36.0847
Botswana,2006,20.777,8.2128,1.901,10.3509,6.0643,21.5828,31.1112
Botswana,2005,20.4823,6.909,1.2486,17.1052,5.2455,20.5883,28.4211
Botswana,2004,19.8618,7.1584,1.178,17.4363,5.254,25.0694,24.042099999999998
Botswana,2003,21.6596,6.9375,1.1657,17.9382,5.5094,25.9563,20.8333
Botswana,2002,23.8322,6.0878,1.0941,17.3629,5.5387,25.7589,20.3254
Botswana,2001,19.8023,8.5793,1.17,10.6877,2.013,32.7477,25.0
Botswana,2023,37.6869,0.0546,0.1137,8.3622,0.0,0.9271,52.8555
Brazil,2002,71.5553,13.1264,0.0,8.4595,0.585,5.5291,0.744699999999992
Brazil,2001,69.3167,14.6896,0.0,8.5495,0.8268,5.7035,0.913900000000012
Brazil,2024,96.5341,1.4866,0.0274,0.3312,0.1032,0.0275,1.49000000000001
Brazil,2021,96.5655,1.2546,0.0424,0.3208,0.2121,0.088,1.5166
Brazil,2020,95.8307,1.9754,0.0458,0.3818,0.2113,0.1226,1.4324
Brazil,2019,96.0385,1.8649,0.0462,0.4228,0.2072,0.1654,1.255
Brazil,2018,96.4142,2.0576,0.0413,0.4864,0.2042,0.217,0.579300000000003
Brazil,2017,95.6633,2.4806,0.0258,0.5791,0.2473,0.2888,0.715099999999993
Brazil,2016,94.1059,3.7229,0.0148,0.6873,0.325,0.3854,0.75869999999999
Brazil,2015,93.586,3.9801,0.0096,0.78,0.3956,0.4821,0.766600000000006
Brazil,2014,92.28,4.5802,0.007,0.902,0.5991,0.5727,1.058999999999997
Brazil,2013,90.5636,4.8865,0.0045,1.4317,0.5267,0.864,1.7229999999999999
Brazil,2012,87.5387,5.0699,0.0,2.6938,0.6515,1.7288,2.3172999999999897
Brazil,2011,88.1934,4.3493,0.0,3.9311,0.0738,2.4522,1.000200000000004
Brazil,2010,85.2379,6.1046,0.0,4.9862,0.0726,2.7537,0.845000000000011
Brazil,2009,83.9965,7.2159,0.0,4.9654,0.1003,3.4913,0.2306
Brazil,2008,80.3135,9.0039,0.0,5.8646,0.099,4.4066,0.312399999999998
Brazil,2007,80.4774,9.7641,0.0,4.6511,0.0019,4.748,0.357500000000003
Brazil,2006,78.6904,10.3839,0.0,5.3866,0.3328,4.8602,0.34609999999999796
Brazil,2005,79.0517,9.4261,0.0,6.1106,0.2465,4.657,0.508100000000005
Brazil,2004,73.9915,12.8228,0.0,6.8965,0.3495,5.3546,0.585099999999996
Brazil,2003,74.9665,11.6365,0.0,6.6907,0.4958,5.5408,0.6696999999999991
Brazil,2022,96.2274,1.3748,0.0379,0.2789,0.1894,0.0618,1.82979999999999
Brazil,2023,95.7752,1.5895,0.0348,0.2865,0.1655,0.0448,2.1037
Burkina Faso,2003,59.4806,3.7517,2.7019,0.0,0.0,16.1028,17.963
Burkina Faso,2024,59.5678,12.043,2.4905,0.1301,0.0,0.027,25.7416
Burkina Faso,2004,60.8077,3.1211,6.3808,0.0,0.0,14.8517,14.8387
Burkina Faso,2005,56.5454,2.1018,8.5243,0.0,0.0,12.6504,20.1781
Burkina Faso,2006,40.4519,6.8871,17.6771,0.0,0.0,0.3121,34.6718
Burkina Faso,2007,41.4145,7.2319,15.1991,0.0,0.0,0.2417,35.9128
Burkina Faso,2008,45.546,7.0439,12.7399,0.0,0.0,0.2084,34.4618
Burkina Faso,2009,44.9507,7.3108,11.5352,0.0,0.0,0.1834,36.0199
Burkina Faso,2010,43.2735,6.9087,10.0681,0.0,0.0,0.1521,39.5976
Burkina Faso,2011,43.1452,6.9116,9.3116,0.0,0.0,0.1383,40.4933
Burkina Faso,2012,42.8611,7.164,8.5395,0.0,0.0,0.1274,41.308
Burkina Faso,2002,59.2881,4.1186,2.6197,0.0,0.0143,16.7746,17.1847
Burkina Faso,2001,60.1521,5.3717,2.495,0.0,0.1062,16.5504,15.3246
Burkina Faso,2015,48.9511,5.602,7.022,0.0,0.0,0.0896,38.3353
Burkina Faso,2016,50.2813,5.4953,6.1456,0.0,0.0,0.0776,38.0002
Burkina Faso,2017,50.2644,6.0026,5.6544,0.0,0.0,0.0746,38.004
Burkina Faso,2018,52.0583,6.2547,5.1948,0.0,0.0,0.066,36.4262
Burkina Faso,2019,54.0101,7.9528,4.5176,0.0,0.0,0.0558,33.4637
Burkina Faso,2020,55.4009,8.6104,3.8795,0.2498,0.0,0.0487,31.8107
Burkina Faso,2021,55.5459,11.2989,3.4507,0.2094,0.0,0.04,29.4551
Burkina Faso,2022,56.8491,11.9447,3.1751,0.1772,0.0,0.0352,27.8187
Burkina Faso,2023,57.3984,12.3644,2.8282,0.1518,0.0,0.0319,27.2253
Burkina Faso,2014,44.7692,6.0756,7.6877,0.0,0.0,0.1066,41.3609
Burkina Faso,2013,42.5879,7.2055,8.284,0.0,0.0,0.1245,41.7981
Burundi,2015,51.5637,0.0,25.9436,0.0,0.0,0.0948,22.3979
Burundi,2011,43.8346,0.299,33.4313,0.0,0.0,0.1814,22.2537
Burundi,2020,48.9248,4.6094,19.1873,0.0,0.0,0.0714,27.2071
Burundi,2019,48.8657,4.6877,20.7908,0.0,0.0,0.0773,25.5785
Burundi,2018,55.055,0.0,23.8317,0.0,0.0,0.0875,21.0258
Burundi,2017,53.1208,0.0,25.197,0.0,0.0,0.0915,21.5907
Burundi,2016,53.108,0.0,24.753,0.0,0.0,0.0934,22.0456
Burundi,2014,48.8808,0.0,27.818,0.0,0.0,0.1002,23.201
Burundi,2013,49.1804,0.0,30.3892,0.0,0.0,0.1213,20.3091
Burundi,2012,47.3894,0.0,32.5649,0.0,0.0,0.1435,19.9022
Burundi,2023,47.0901,12.9354,14.8058,0.0,0.0,0.0504,25.1183
Burundi,2021,49.0426,8.3601,16.9667,0.0,0.0,0.0649,25.5657
Burundi,2010,37.7889,10.0015,29.3462,0.0,0.0,1.9601,20.9033
Burundi,2008,63.3854,6.0006,7.3661,1.0106,0.0,16.0338,6.20350000000001
Burundi,2007,63.5274,8.019,6.245,0.7781,0.0,16.0565,5.374
Burundi,2006,64.2791,7.7335,4.6938,0.7731,0.0,16.2472,6.27330000000001
Burundi,2005,64.6425,7.642,3.2989,1.4494,0.0,16.6791,6.2881
Burundi,2004,63.4995,8.3156,3.062,1.5171,0.0,18.5722,5.03360000000001
Burundi,2003,60.3813,9.8155,2.5225,2.4599,0.0,19.6579,5.16289999999999
Burundi,2002,60.2828,9.2575,1.9705,2.4911,0.0,20.2829,5.7152
Burundi,2024,48.8942,11.9579,13.7589,0.0,0.0,0.0466,25.3424
Burundi,2001,60.6831,8.7261,1.953,2.539,0.0,20.8599,5.2389
Burundi,2009,35.8104,18.0101,24.3742,0.0,0.0,2.2082,19.5971
Burundi,2022,49.9007,9.1652,15.846,0.0,0.0,0.0569,25.0312
Cabo Verde,2002,56.9545,12.3925,2.7345,0.0,0.0,3.1849,24.7336
Cabo Verde,2001,55.9802,12.0103,2.759,0.0,0.0,2.9553,26.2952
Cabo Verde,2004,58.8659,12.6544,2.9113,0.0,0.0,3.4641,22.1043
Cabo Verde,2014,28.3607,49.4323,1.1139,2.2347,0.0,0.5378,18.3206
Cabo Verde,2003,57.5896,13.225,2.7808,0.0,0.0,3.5035,22.9011
Cabo Verde,2005,58.9616,13.3816,3.0346,0.0,0.0,2.7079,21.9143
Cabo Verde,2006,58.5105,14.9787,2.9699,0.0,0.0,2.4556,21.0853
Cabo Verde,2007,57.7896,16.1143,2.9137,0.0,0.0,2.2406,20.9418
Cabo Verde,2008,56.5947,18.1405,2.7495,0.0,0.0,2.058,20.4573
Cabo Verde,2009,49.5097,19.5879,2.5594,0.2164,0.0,1.7541,26.3725
Cabo Verde,2010,42.4482,27.5193,2.1435,1.075,0.0,1.3708,25.4432
Cabo Verde,2011,35.3961,34.5742,1.7825,3.0064,0.0,1.1161,24.1247
Cabo Verde,2012,30.9715,42.9552,1.4229,2.8158,0.0,0.8624,20.9722
Cabo Verde,2013,27.5081,49.0254,1.1755,2.6648,0.0,0.6594,18.9668
Cabo Verde,2024,37.9914,36.2251,0.9077,3.3794,0.0,0.2237,21.2727
Cabo Verde,2015,28.4512,47.9058,1.1081,3.7412,0.0,0.4738,18.3199
Cabo Verde,2016,27.4667,48.6835,1.1255,4.4349,0.0,0.4313,17.8581
Cabo Verde,2017,24.773,50.4639,1.0833,4.3391,0.0,0.3748,18.9659
Cabo Verde,2018,24.4018,48.7331,1.1319,4.9627,0.0,0.3595,20.411
Cabo Verde,2019,26.5289,46.4033,1.1067,5.1179,0.0,0.332,20.5112
Cabo Verde,2020,27.4208,45.3212,1.0402,4.8353,0.0,0.3007,21.0818
Cabo Verde,2021,30.1184,42.5882,1.0171,4.6285,0.0,0.2744,21.3734
Cabo Verde,2022,32.6617,40.435,0.9737,4.0638,0.0,0.2522,21.6136
Cabo Verde,2023,35.3333,38.8293,0.9346,3.6945,0.0,0.2369,20.9714
Cambodia,2003,39.6309,1.0305,0.5633,1.0794,0.0,0.0,57.6959
Cambodia,2002,33.7465,0.9633,0.4017,0.7441,0.0,0.0,64.1444
Cambodia,2004,42.0393,1.022,0.7627,1.2999,0.0,0.0,54.8761
Cambodia,2001,29.0203,0.8856,0.2843,0.3622,0.0,0.0,69.4476
Cambodia,2015,69.7505,1.5312,3.0328,3.2256,0.0,0.0,22.4599
Cambodia,2008,84.0423,1.3047,1.4407,3.0923,0.0,0.0,10.12
Cambodia,2009,83.1085,1.3243,1.4629,3.5592,0.0,0.0,10.5451
Cambodia,2010,80.4493,1.1998,1.3146,4.0885,0.0,0.0,12.9478
Cambodia,2011,75.0644,1.0467,1.1418,4.3363,0.0,0.0,18.4108
Cambodia,2012,71.9659,0.8432,1.4923,4.0953,0.0,0.0,21.6033
Cambodia,2013,71.2957,0.7627,1.6937,3.3859,0.0,0.0,22.862
Cambodia,2014,70.3746,0.8213,2.0951,3.0088,0.0,0.0,23.7002
Cambodia,2005,42.6332,0.8613,0.8524,1.2557,0.0,0.0,54.3974
Cambodia,2007,85.5197,1.3876,1.3906,2.4598,0.0,0.0,9.2423
Cambodia,2016,70.5354,1.4083,4.6191,3.5234,0.0,0.0,19.9138
Cambodia,2017,66.3633,2.5234,5.9729,3.8903,0.0,0.0,21.2501
Cambodia,2018,65.0479,2.9216,6.4095,4.6578,0.0,0.0,20.9632
Cambodia,2019,63.211,4.5805,6.6285,5.3689,0.0,0.0,20.2111
Cambodia,2020,61.6942,4.891,6.607,6.5247,0.0,0.0,20.2831
Cambodia,2021,59.9936,5.2263,6.4464,9.1937,0.0,0.0,19.14
Cambodia,2022,60.984,5.047,6.1337,11.0577,0.0,0.0,16.7776
Cambodia,2023,63.0514,4.8387,5.7204,11.1852,0.0,0.0,15.2043
Cambodia,2024,64.7566,5.5232,5.0963,10.5105,0.0,0.0,14.1134
Cambodia,2006,43.572,0.8981,0.9507,1.3344,0.0,0.0,53.2448
Cameroon,2003,22.7837,67.2916,0.2312,0.9755,1.5162,2.077,5.12480000000001
Cameroon,2005,19.5465,68.0011,0.5253,1.184,1.579,2.1465,7.01760000000001
Cameroon,2004,16.0238,73.1953,0.3354,1.003,1.6384,1.997,5.80709999999997
Cameroon,2001,25.4455,63.8134,0.2581,0.8612,1.6823,2.8754,5.0641000000000105
Cameroon,2002,24.1521,65.5231,0.2428,1.0275,1.6291,2.3605,5.06489999999999
Cameroon,2007,12.4623,73.2435,1.963,0.0,0.0,2.5952,9.736
Cameroon,2009,15.3902,64.1652,2.8184,0.0,0.0,0.7167,16.9095
Cameroon,2010,23.943,53.4795,2.9359,0.3021,0.0,0.28,19.0595
Cameroon,2011,27.1622,47.1225,3.0726,0.5048,0.0,0.0991,22.0388
Cameroon,2012,31.6467,40.5898,2.5188,0.5149,0.0,0.0666,24.6632
Cameroon,2013,37.9482,37.8993,2.0982,0.4786,0.0,0.0476,21.5281
Cameroon,2014,43.1125,32.2585,1.8786,0.5667,0.0,0.0311,22.1526
Cameroon,2015,54.772,24.4624,1.4664,0.5639,0.0,0.0197,18.7156
Cameroon,2016,56.8472,21.8727,1.4011,0.6065,0.0,0.0149,19.2576
Cameroon,2006,9.865,78.4399,1.2669,0.0,0.0,3.0687,7.359500000000001
Cameroon,2017,57.5797,22.9267,1.2357,0.6843,0.0,0.0111,17.5625
Cameroon,2019,56.3061,21.7807,1.0117,0.8344,0.0,0.0045,20.0626
Cameroon,2020,55.0558,21.2438,1.0498,0.8208,0.0,0.0031,21.8267
Cameroon,2021,52.6584,25.1176,0.9739,0.7764,0.0,0.0011,20.4726
Cameroon,2022,53.2773,23.7482,1.034,0.687,0.0,0.0,21.2535
Cameroon,2023,53.0806,23.6453,1.0613,0.6728,0.0,0.0,21.54
Cameroon,2024,56.0601,22.0471,1.0565,0.5968,0.0,0.0,20.239500000000003
Cameroon,2018,54.3144,22.7676,1.1082,0.7511,0.0,0.0072,21.051499999999997
Cameroon,2008,14.2581,66.8406,2.4242,0.0,0.0,1.7299,14.7472
Central African Republic,2005,58.2329,7.0011,7.4658,0.5544,0.1017,16.8387,9.8054
Central African Republic,2001,61.9223,5.1935,7.7235,0.5702,0.0984,16.0297,8.462399999999999
Central African Republic,2006,56.1141,7.5748,7.3452,0.5549,0.117,17.9301,10.363900000000001
Central African Republic,2004,57.6334,7.3349,7.6002,0.5879,0.1068,17.7814,8.95539999999999
Central African Republic,2007,59.8751,6.865,7.592,0.3129,0.1168,15.7112,9.527000000000001
Central African Republic,2008,61.4234,6.3454,7.2432,0.3721,0.0865,16.2611,8.2683
Central African Republic,2009,49.7092,12.4331,8.1332,0.0,0.0,0.0048,29.7197
Central African Republic,2010,46.2905,13.1231,0.0,0.0,0.0,0.0,40.5864
Central African Republic,2011,50.7685,13.8376,0.0,0.0,0.0,0.0,35.393899999999995
Central African Republic,2012,50.8695,12.8169,0.2325,0.0,0.0,0.0,36.081100000000006
Central African Republic,2013,47.7351,12.2836,0.3002,0.0,0.0,0.0,39.6811
Central African Republic,2014,47.9002,8.8447,0.4762,0.0,0.0,0.0,42.7789
Central African Republic,2002,50.2534,5.5141,5.4989,0.5163,0.0857,14.3365,23.795099999999998
Central African Republic,2015,50.452,7.4278,0.427,0.0,0.0,0.0,41.6932
Central African Republic,2017,56.7799,5.3385,0.7965,0.0,0.0,0.0,37.085100000000004
Central African Republic,2018,61.8903,4.8279,5.7811,0.0,0.0,0.0,27.500700000000002
Central African Republic,2019,63.7958,4.4282,4.4405,0.0,0.0,0.0,27.335500000000003
Central African Republic,2020,67.8469,4.3861,4.6808,0.0,0.0,0.0,23.0862
Central African Republic,2021,63.5699,3.9105,4.1311,0.0,0.0,0.0,28.3885
Central African Republic,2022,64.8236,4.3378,3.5372,0.0,0.0,0.0,27.3014
Central African Republic,2023,62.4135,4.7752,3.3898,0.0,0.0,0.0,29.4215
Central African Republic,2024,62.0968,4.6805,3.1199,0.0,0.0,0.0,30.1028
Central African Republic,2016,51.1483,7.1723,0.715,0.0,0.0,0.0,40.9644
Central African Republic,2003,57.9743,7.2798,7.5742,0.624,0.1023,17.4356,9.0098
Chad,2015,79.895,0.6422,1.3574,0.0,0.0,0.0002,18.1052
Chad,2023,56.0424,7.3446,1.601,0.0,0.0,0.0,35.012
Chad,2001,60.1478,3.4626,1.3626,0.0,0.0,21.812,13.215
Chad,2003,64.532,3.8511,1.1019,0.0,0.0,18.5834,11.9316
Chad,2004,64.7756,3.8023,2.8529,0.0,0.0,16.4713,12.0979
Chad,2005,64.7549,5.3208,2.649,0.0,0.0,14.2987,12.9766
Chad,2006,63.6826,5.8903,2.7744,0.0,0.0,13.4282,14.2245
Chad,2007,62.9282,5.7913,2.9052,0.0,0.0,13.232,15.1433
Chad,2008,58.915,5.3942,3.1219,0.0,0.0,13.5145,19.0544
Chad,2009,58.5626,5.4447,3.2967,0.0,0.0,13.2105,19.4855
Chad,2010,63.2431,4.3353,2.9963,0.0,0.0,11.0815,18.3438
Chad,2024,62.7783,6.618,1.3513,0.0,0.0,0.0,29.2524
Chad,2011,56.9952,3.9581,2.7888,0.0,0.0,9.9609,26.297
Chad,2013,65.3637,2.7501,2.1292,0.0,0.0,6.7122,23.0448
Chad,2014,76.4163,1.6144,1.5259,0.0,0.0,4.5505,15.8929
Chad,2016,78.0543,1.4931,1.3007,0.0,0.0,0.0,19.1519
Chad,2017,73.1025,3.1262,1.2552,0.0,0.0,0.0,22.5161
Chad,2018,71.9736,4.6194,1.2427,0.0,0.0,0.0,22.1643
Chad,2019,70.9944,5.5658,1.2255,0.0,0.0,0.0,22.2143
Chad,2020,66.0551,5.74,1.2122,0.0,0.0,0.0,26.9927
Chad,2021,63.0766,5.6253,1.2569,0.0,0.0,0.0,30.0412
Chad,2022,60.0828,6.3166,1.5188,0.0,0.0,0.0,32.0818
Chad,2012,56.9287,3.6535,2.7166,0.0,0.0,9.1793,27.5219
Chad,2002,61.8048,3.1239,1.2242,0.0,0.0,20.7732,13.0739
China,2014,92.6972,2.0189,0.0024,4.9444,0.0036,0.1942,0.139300000000006
China,2002,72.0752,5.7688,0.048,15.5589,0.1093,5.8976,0.542200000000008
China,2023,84.1757,3.9718,0.0,1.1926,0.2605,0.0,10.3994
China,2022,86.1276,3.5487,0.0,1.077,0.2236,0.0,9.0231
China,2021,84.8115,3.4521,0.0,1.2328,0.2417,0.0,10.2619
China,2020,84.8256,3.3192,0.0,2.0905,0.3417,0.0,9.423
China,2019,83.6847,3.0189,0.0,2.5254,0.0003,0.0,10.7707
China,2018,85.9217,1.9416,0.0,3.1415,0.0007,0.0078,8.9867
China,2017,87.1499,1.3489,0.0,3.9773,0.0014,0.0198,7.5027
China,2016,90.8604,1.4608,0.0002,5.3455,0.0021,0.0448,2.28619999999999
China,2015,91.9306,1.9201,0.0016,5.8681,0.0035,0.1151,0.161000000000001
China,2013,89.507,3.1037,0.0044,6.8133,0.0052,0.3909,0.1755
China,2012,86.3133,3.6227,0.0064,9.2317,0.0062,0.6459,0.1738
China,2011,81.2868,4.624,0.0095,12.7712,0.0123,1.079,0.217200000000005
China,2010,77.9336,6.2825,0.0122,13.9933,0.0195,1.5089,0.25
