entity_name,year,U.S. dollars,Euro,SDR,Japanese yen,Pound sterling,All other currencies
Low & middle income,2001,64.1788081205323,11.7932373319077,0.621115235525616,11.6068641172664,1.05027154551114,10.749703649256883
Low & middle income,2023,80.258151785281,9.64936248250902,1.27702587780214,3.88928936841898,0.209835866750055,4.716334619238803
Low & middle income,2022,81.1551826378452,8.73925249915502,1.36169765176649,3.89302582718099,0.182687114514554,4.668154269537764
Low & middle income,2021,80.6763533444356,8.50113531563421,1.46334115164058,4.03703228081127,0.231618493626685,5.090519413851675
Low & middle income,2020,79.7832428123897,8.82568958588323,1.60348723977214,4.69448214736281,0.245317477799971,4.847780736792095
Low & middle income,2019,79.6793625718699,8.59216553771883,1.64528379918349,4.65813924030905,0.198661610473899,5.226387240444829
Low & middle income,2018,79.5561352048592,8.44794815798019,1.78873938986037,4.87856181469844,0.209329068188496,5.119286364413292
Low & middle income,2017,79.1674212227256,8.54965230198375,1.81779546081175,5.02175575315912,0.219340323901953,5.22403493741783
Low & middle income,2016,79.4615187446684,8.08289711793132,1.96349345181682,5.5297361637765,0.21780548658261,4.744549035224397
Low & middle income,2015,79.6291570258098,8.18037353883963,2.1178509253563,5.60550487317805,0.288774672886822,4.178338963929377
Low & middle income,2014,78.8277128968607,8.63078800416358,2.21702662306962,5.7158312649406,0.343438877097837,4.265202333867624
Low & middle income,2013,75.6086116398814,9.92807858698915,2.58299773769609,7.14376251538016,0.272827484373937,4.463722035679232
Low & middle income,2012,72.7500453482371,9.86767566934878,3.15102852806379,9.4086583190934,0.35500659213986,4.467585543117082
Low & middle income,2011,68.8979279079091,10.8647616659872,3.4836512647796,11.7013505200601,0.366869456549499,4.685439184714367
Low & middle income,2010,66.9230994662157,12.0582333759801,3.48974423874353,12.0534254533826,0.420233703985719,5.055263761692314
Low & middle income,2009,64.8778057852707,14.3011797089475,3.03943989137216,11.7160003540935,0.531383955617691,5.534190304698411
Low & middle income,2008,65.0107365432111,13.9179368288963,2.32013848959856,12.2931409658349,0.434388023776712,6.023659148682424
Low & middle income,2007,64.9583769261869,15.4966748416546,2.10138969855397,10.272863009233,0.684409864090066,6.486285660281529
Low & middle income,2006,64.2767244035263,14.9709025095387,1.82464146829126,10.8945443038775,0.803783669963799,7.229403644802418
Low & middle income,2005,64.5258265178433,14.0183353628218,1.52207009181067,11.0873138840245,1.22256245433567,7.623891689164095
Low & middle income,2004,61.5451627622968,16.1795500789805,1.06948800437334,11.711529972764,1.44904685314242,8.045222328442966
Low & middle income,2003,61.2042219205944,15.1108841392098,0.747986164174534,12.3240576137162,1.41123098741029,9.20161917489482
Low & middle income,2024,79.6925452586377,9.87877650876328,1.14697825091968,3.74186811901769,0.1601045730612,5.379727289600427
Low & middle income,2002,63.9212941085774,12.5375961524764,0.639678511737426,11.988186943902,1.03013255460962,9.88311172869721
Afghanistan,2006,72.1838,0.0,19.3505,0.0,2.7342,5.7315
Afghanistan,2017,71.4215,0.0786,21.7155,0.0,0.0,6.78440000000001
Afghanistan,2014,72.119,0.0,22.2878,0.0,0.0,5.5932
Afghanistan,2015,71.5365,0.0,21.4677,0.0,0.0,6.9958
Afghanistan,2016,71.6963,0.0702,21.3976,0.0,0.0,6.83590000000001
Afghanistan,2011,73.8642,0.0,22.1487,0.0,0.0,3.9871
Afghanistan,2007,82.0077,0.0,13.457,0.0,1.3493,3.18600000000001
Afghanistan,2018,71.4005,0.0763,21.1474,0.0,0.0,7.3758
Afghanistan,2019,70.7864,1.2311,20.6174,0.0,0.0,7.3651
Afghanistan,2020,70.6726,1.3345,20.7455,0.0,0.0,7.2474
Afghanistan,2021,71.0905,1.2644,20.2608,0.0,0.0,7.3843
Afghanistan,2022,71.5724,1.2218,19.7452,0.0,0.0,7.4606
Afghanistan,2023,71.5704,1.2676,19.6798,0.0,0.0,7.48219999999999
Afghanistan,2024,72.0254,1.2329,19.0611,0.0,0.0,7.6806
Afghanistan,2010,75.3835,0.0,21.0694,0.0,0.0,3.5471
Afghanistan,2009,79.9623,0.0,16.8003,0.0,0.0,3.23740000000001
Afghanistan,2008,82.6347,0.0,14.2972,0.0,0.0,3.0681
Afghanistan,2013,72.7916,0.0,22.6835,0.0,0.0,4.5249
Afghanistan,2012,73.2074,0.0,22.5991,0.0,0.0,4.1935
Albania,2007,52.1283,34.9487,2.9416,2.9763,0.0,7.0051
Albania,2001,74.0909,19.8202,0.8047,2.6225,0.0,2.6617
Albania,2002,61.8231,26.9263,1.1346,2.8052,0.0,7.3108
Albania,2003,59.8322,28.9235,1.2735,3.0143,0.0,6.95650000000001
Albania,2005,58.4943,28.2109,2.4376,3.9545,0.0,6.9027
Albania,2006,54.9937,31.2112,2.5899,3.4152,0.0,7.78999999999999
Albania,2004,58.4547,29.5112,2.0678,3.3619,0.0,6.6044
Albania,2019,41.9949,49.1137,1.606,2.1521,0.0,5.13329999999999
Albania,2016,34.6955,55.4372,2.5019,2.0672,0.0,5.29820000000001
Albania,2017,38.6824,52.1871,2.062,2.1367,0.0,4.93180000000001
Albania,2018,39.4264,51.7319,1.7823,2.1508,0.0,4.90860000000001
Albania,2008,40.2217,48.3065,2.879,2.7466,0.0,5.84620000000001
Albania,2020,37.2884,55.3357,1.2084,1.7861,0.0,4.3814
Albania,2021,34.394,59.4732,0.8934,1.3872,0.0,3.85220000000001
Albania,2015,33.731,56.5963,2.7897,1.6568,0.0,5.22620000000001
Albania,2013,32.0444,57.731,3.2663,1.1821,0.0,5.77619999999999
Albania,2023,32.7599,62.8324,0.4685,0.8898,0.0,3.04939999999999
Albania,2024,34.0547,61.5602,0.3453,0.8014,0.0,3.2384
Albania,2012,32.355,57.4961,3.3247,1.5926,0.0,5.23160000000001
Albania,2011,30.878,59.0483,3.2741,1.9578,0.0,4.84180000000001
Albania,2010,30.6052,59.1744,3.025,2.0309,0.0,5.1645
Albania,2009,34.5647,55.0649,3.0424,2.0328,0.0,5.29519999999999
Albania,2022,35.4624,58.7331,0.7291,1.1971,0.0,3.8783
Albania,2014,37.0817,52.4127,3.2481,1.5141,0.0,5.74340000000001
Algeria,2008,29.2783,59.426,0.0238,5.0072,0.0,6.26470000000001
Algeria,2001,46.448,30.0297,0.0426,12.5632,1.278,9.6385
Algeria,2002,42.708,32.8412,0.0415,13.1409,1.423,9.8454
Algeria,2003,37.3117,37.6145,0.0473,12.7861,1.6674,10.573
Algeria,2004,36.051,42.052,0.05,11.068,1.9719,8.8071
Algeria,2006,29.0362,58.9092,0.0271,6.1648,0.0,5.86269999999999
Algeria,2005,40.8245,40.5442,0.0503,8.2102,1.39,8.980800000000011
Algeria,2007,28.443,60.1721,0.0259,4.6886,0.0,6.67040000000002
Algeria,2019,0.0084,24.7703,0.0,0.5525,0.0,74.6688
Algeria,2016,3.4615,33.4886,0.0,0.5615,0.0,62.4884
Algeria,2017,1.2213,31.4261,0.0,0.5182,0.0,66.8344
Algeria,2018,0.0891,28.3645,0.0,0.5468,0.0,70.9996
Algeria,2009,28.8874,60.5674,0.0,4.1925,0.0,6.3527000000000005
Algeria,2020,0.0,21.1523,0.0,0.5125,0.0,78.3352
Algeria,2021,0.0,18.208,0.0,0.4814,0.0,81.3106
Algeria,2015,10.7532,75.8396,0.0,1.0957,0.0,12.3115
Algeria,2022,0.0,16.3154,0.0,0.4298,0.0,83.2548
Algeria,2023,0.0,14.862,0.0,0.3705,0.0,84.7675
Algeria,2024,0.0,14.053,0.0,0.3313,0.0,85.6157
Algeria,2012,15.7653,72.9302,0.0,0.9847,0.0,10.3198
Algeria,2011,32.2339,59.1567,0.0,0.8477,0.0,7.76169999999999
Algeria,2010,30.0201,58.2562,0.0,4.6507,0.0,7.07300000000001
Algeria,2013,12.9506,75.1413,0.0,0.8658,0.0,11.0423
Algeria,2014,12.1132,74.897,0.0,0.9173,0.0,12.0725
Angola,2007,90.5096,6.487,2.3894,0.0,0.1694,0.4446000000000005
Angola,2009,88.275,9.7442,1.5839,0.0,0.0921,0.30479999999999613
Angola,2001,85.205,8.0536,1.8748,0.452,1.1315,3.2831
Angola,2002,84.5875,8.8573,1.867,0.4601,1.1109,3.1171999999999898
Angola,2003,85.0388,7.8803,1.9859,0.5087,1.2149,3.3714000000000097
Angola,2004,83.2174,11.3223,2.245,0.4508,1.1953,1.5692000000000002
Angola,2008,90.133,7.7597,1.7096,0.0,0.089,0.3087000000000107
Angola,2005,87.3314,8.2318,2.0761,0.3414,0.9146,1.104700000000002
Angola,2006,89.748,6.2318,2.8405,0.0,0.2084,0.9713000000000019
Angola,2020,90.7383,5.4574,0.1998,0.8429,0.0,2.7616
Angola,2011,90.1291,8.1144,1.2189,0.2163,0.0519,0.26940000000000097
Angola,2012,89.2525,8.5489,1.0854,0.8181,0.0484,0.246700000000008
Angola,2013,89.5401,8.7748,0.8351,0.6164,0.04,0.1936000000000103
Angola,2014,90.8066,5.8439,0.5775,0.7444,0.0294,1.9982000000000002
Angola,2015,91.284,4.8391,0.5006,1.3564,0.0276,1.99229999999999
Angola,2024,86.4992,9.9851,0.0811,0.5117,0.0,2.9229000000000003
Angola,2023,87.0592,9.6121,0.0971,0.6359,0.0,2.5956999999999897
Angola,2022,89.9621,6.7826,0.1213,0.6025,0.0,2.53149999999999
Angola,2021,90.427,5.9382,0.164,0.7626,0.0,2.7082
Angola,2010,89.6393,8.5386,1.4562,0.0,0.0781,0.287799999999989
Angola,2019,91.6605,4.8007,0.2172,0.8086,0.0,2.51300000000001
Angola,2018,91.7833,4.5129,0.254,0.8809,0.0,2.5689
Angola,2017,91.0572,4.7009,0.3335,1.0547,0.0,2.85370000000001
Angola,2016,91.8073,4.1533,0.3531,1.0826,0.0183,2.5854
Argentina,2008,57.63,35.6384,0.0016,2.7785,0.0673,3.8842000000000048
Argentina,2010,64.5386,29.1381,0.0037,2.9741,0.0083,3.33719999999999
Argentina,2001,66.655,22.0557,0.0,4.0506,0.353,6.88569999999999
Argentina,2002,63.5441,25.5551,0.0,4.3429,0.3572,6.2007
Argentina,2003,60.8376,28.6673,0.0,4.5054,0.3692,5.620500000000009
Argentina,2004,61.3285,29.0331,0.0,4.3283,0.3748,4.9353000000000025
Argentina,2005,57.1953,33.3587,0.0,2.4786,0.0948,6.8726
Argentina,2009,59.075,34.646,0.0005,2.555,0.0699,3.6536
Argentina,2006,56.6726,35.0437,0.0004,2.3685,0.1014,5.81339999999999
Argentina,2007,54.9741,37.3555,0.0008,2.2103,0.0922,5.3671
Argentina,2022,91.6197,6.1784,0.0167,0.5684,0.0011,1.6157
Argentina,2015,69.6136,24.0389,0.0519,2.6177,0.0393,3.6385999999999896
Argentina,2018,71.6773,15.4335,0.0303,0.8128,0.0079,12.0382
Argentina,2014,69.7059,25.8953,0.0415,2.6228,0.0414,1.693100000000006
Argentina,2013,66.4294,29.3646,0.0334,2.2783,0.0086,1.8857
Argentina,2012,67.3642,27.8793,0.0184,2.7406,0.0081,1.989399999999999
Argentina,2011,67.6688,27.1469,0.0092,3.016,0.0078,2.151299999999997
Argentina,2019,73.6518,16.5209,0.0292,0.6308,0.0054,9.16190000000001
Argentina,2020,89.3057,6.5439,0.027,0.709,0.0061,3.4083
Argentina,2021,90.7743,6.1651,0.0226,0.6095,0.0057,2.4228000000000103
Argentina,2017,67.577,17.699,0.0349,1.123,0.0123,13.553799999999999
Argentina,2023,92.0223,6.0537,0.0137,0.456,0.0011,1.4532
Argentina,2024,92.8091,5.5382,0.0103,0.3587,0.0011,1.2826
Argentina,2016,66.6769,17.7512,0.0364,1.5217,0.0189,13.9949
Armenia,2001,89.9149,5.3709,0.9368,0.1393,0.0,3.63809999999999
Armenia,2010,63.7167,5.7786,15.5839,14.6261,0.0,0.294700000000005
Armenia,2002,89.9268,5.8562,0.8884,0.1796,0.0,3.149
Armenia,2003,90.1243,7.4435,0.9127,0.189,0.0,1.3305000000000011
Armenia,2004,87.4334,7.5556,3.7299,0.1776,0.0,1.103499999999997
Armenia,2005,85.9955,7.9542,4.8444,0.1687,0.0,1.037199999999988
Armenia,2006,82.235,8.7663,7.6931,0.3524,0.0,0.953200000000001
Armenia,2011,61.9336,7.7617,15.5403,14.457,0.0,0.307399999999994
Armenia,2009,66.4613,6.256,15.6326,11.333,0.0,0.31710000000000005
Armenia,2024,72.4681,18.3401,6.9563,1.9208,0.0,0.314699999999988
Armenia,2023,71.5141,18.1924,7.6662,2.2719,0.0,0.355400000000003
Armenia,2022,73.0784,16.2824,7.7134,2.5341,0.0,0.3917
Armenia,2021,74.7076,13.1859,8.5203,3.1352,0.0,0.450999999999993
Armenia,2020,70.651,14.7855,10.001,4.0357,0.0,0.526800000000009
Armenia,2019,72.3087,13.2355,9.9409,3.9901,0.0,0.524799999999999
Armenia,2018,71.0403,13.3315,10.733,4.3229,0.0,0.572299999999998
Armenia,2017,70.663,12.7964,11.3665,4.5505,0.0,0.62360000000001
Armenia,2016,70.7257,10.6898,12.5175,5.3568,0.0,0.7102
Armenia,2015,69.5534,9.6746,13.9924,6.0406,0.0,0.739000000000004
Armenia,2014,66.1482,11.2789,14.9081,7.4113,0.0,0.253500000000003
Armenia,2013,65.6511,11.4347,13.9291,8.7302,0.0,0.254899999999992
Armenia,2012,61.9064,10.7049,15.1761,11.9467,0.0,0.265900000000001
Armenia,2007,73.6236,8.9874,9.5792,7.0232,0.0,0.786600000000008
Armenia,2008,66.9625,8.6688,11.6541,12.0725,0.0,0.642099999999994
Azerbaijan,2017,77.0187,16.1145,0.7213,5.5011,0.0,0.644400000000005
Azerbaijan,2023,79.5149,15.1279,0.326,3.7931,0.0,1.238100000000006
Azerbaijan,2001,60.6581,4.6428,0.6712,22.955,0.0,11.0729
Azerbaijan,2002,53.51,4.3811,0.7284,31.2565,0.0,10.124
Azerbaijan,2003,52.0106,3.8809,0.825,34.4189,0.0,8.8646
Azerbaijan,2004,53.5063,4.3275,0.9414,33.0395,0.0,8.1853
Azerbaijan,2006,52.4645,18.5911,2.715,21.098,0.0,5.13139999999999
Azerbaijan,2007,52.2199,21.6448,3.6083,17.6704,0.0,4.85659999999999
Azerbaijan,2008,52.1178,20.7013,4.1084,18.42,0.0,4.65249999999999
Azerbaijan,2009,51.3618,26.8096,4.065,13.5766,0.0,4.18700000000001
Azerbaijan,2010,50.0391,29.2325,3.8535,13.143,0.0,3.7319000000000004
Azerbaijan,2024,78.5937,15.5142,0.3539,4.1998,0.0,1.338399999999999
Azerbaijan,2011,51.9214,28.7825,3.2088,13.0955,0.0,2.99180000000001
Azerbaijan,2013,60.2616,27.247,1.83,9.0694,0.0,1.592
Azerbaijan,2014,72.1832,18.601,1.3205,6.8048,0.0,1.09050000000001
Azerbaijan,2015,72.6869,18.386,1.1646,6.7764,0.0,0.986100000000008
Azerbaijan,2016,77.7693,14.5672,0.8807,6.0492,0.0,0.733599999999996
Azerbaijan,2018,72.9881,20.222,0.5595,5.0723,0.0,1.158100000000003
Azerbaijan,2019,74.8805,18.2936,0.4818,4.8747,0.0,1.469400000000001
Azerbaijan,2020,73.9905,19.0425,0.4421,4.9937,0.0,1.5312000000000001
Azerbaijan,2021,76.0161,17.4502,0.3994,4.6823,0.0,1.4520000000000048
Azerbaijan,2022,78.6181,15.7629,0.3478,4.0493,0.0,1.221900000000009
Azerbaijan,2012,59.9607,24.4889,2.5401,11.0205,0.0,1.9898
Azerbaijan,2005,53.841,12.5705,1.1739,26.1847,0.0,6.2299
Bangladesh,2017,63.8128,0.572,14.347,11.3545,0.3172,9.5965
Bangladesh,2004,50.8844,0.7919,7.0597,15.9509,2.098,23.2151
Bangladesh,2023,71.301,1.6299,6.1562,15.3753,0.0239,5.5137
Bangladesh,2022,70.3119,1.3713,6.9534,15.4019,0.043,5.91850000000001
Bangladesh,2021,68.7406,1.1382,8.0844,15.2787,0.0724,6.68569999999999
Bangladesh,2020,66.1145,0.862,9.7302,15.6084,0.1129,7.57199999999999
Bangladesh,2019,66.2167,0.848,10.9806,13.4173,0.1692,8.3682
Bangladesh,2018,65.6405,0.5973,12.4415,12.3739,0.2305,8.7163
Bangladesh,2016,63.7322,0.5,15.8045,9.302,0.4423,10.219
Bangladesh,2015,62.8298,0.4809,16.5441,8.4093,0.5359,11.20000000000001
Bangladesh,2014,61.6635,0.5933,16.7528,7.352,0.6101,13.0283
Bangladesh,2013,58.5797,0.7223,17.4185,7.7154,0.7134,14.850699999999991
Bangladesh,2012,56.7371,0.7107,16.715,8.7458,0.807,16.2844
Bangladesh,2011,53.6834,0.4873,16.6622,9.3131,1.0771,18.77689999999999
Bangladesh,2010,55.5695,0.5881,16.1676,9.5724,1.2606,16.84180000000001
Bangladesh,2009,56.9489,0.6845,14.7189,8.6629,1.3566,17.62820000000001
Bangladesh,2008,56.0026,0.7385,13.2561,9.6231,1.5152,18.86449999999999
Bangladesh,2007,55.7331,0.8896,11.3908,10.0943,1.7153,20.1769
Bangladesh,2006,53.8536,0.8321,10.2098,12.5034,1.9078,20.693300000000004
Bangladesh,2005,52.3095,0.6818,8.8212,14.1831,2.122,21.882400000000008
Bangladesh,2003,50.7134,0.8357,4.9926,17.2153,2.3271,23.9159
Bangladesh,2002,48.7574,0.6831,4.9341,17.6987,2.687,25.239700000000003
Bangladesh,2001,48.6848,0.6324,5.0646,18.54,3.0831,23.9951
Bangladesh,2024,72.2549,1.9246,5.4365,15.5552,0.0111,4.817699999999999
Belarus,2001,53.2052,30.7578,0.0,2.2648,0.0,13.772200000000009
Belarus,2002,55.4514,30.5531,0.0,2.198,0.0,11.797500000000003
Belarus,2024,86.6312,3.0261,0.0,0.0,0.0,10.3427
Belarus,2021,81.5252,3.279,0.0,0.0,0.0,15.1958
Belarus,2020,85.6134,1.6746,0.0,0.0,0.0,12.712
Belarus,2019,87.7752,1.8873,0.0,0.0,0.0,10.3375
Belarus,2018,92.0585,1.5293,0.0,0.0,0.0,6.4122
Belarus,2017,90.1717,4.4751,0.0,0.0,0.0,5.3532
Belarus,2016,88.9573,5.0968,0.0,0.0,0.0,5.94589999999999
Belarus,2015,87.7952,6.3175,0.0,0.0,0.0,5.88730000000001
Belarus,2014,89.4439,2.883,0.0,0.0397,0.0,7.63339999999999
Belarus,2013,95.7883,3.0653,0.0,0.0974,0.0,1.04899999999999
Belarus,2012,95.3184,3.1367,0.0,0.2069,0.0,1.33800000000001
Belarus,2011,85.6798,3.9485,0.0,0.3584,0.0,10.0133
Belarus,2010,81.0766,5.4669,0.0,0.1731,0.0,13.2834
Belarus,2009,91.8482,5.9391,0.0,0.0,0.0,2.2127
Belarus,2008,95.4155,2.8065,0.0,0.0,0.0,1.77800000000001
Belarus,2007,90.17,6.709,0.0,0.0837,0.0,3.0373
Belarus,2006,61.0813,26.0298,0.0,0.66,0.0,12.2289
Belarus,2005,71.778,14.3772,0.0,1.0693,0.0,12.77549999999999
Belarus,2004,61.604,25.1219,0.0,1.7044,0.0,11.5697
Belarus,2003,52.2941,32.1096,0.0,2.1712,0.0,13.42509999999999
Belarus,2022,82.1997,3.2092,0.0,0.0,0.0,14.5911
Belarus,2023,84.104,3.5998,0.0,0.0,0.0,12.2962
Belize,2003,96.075,1.9139,0.0294,0.0,0.6952,1.2865
Belize,2024,98.3635,0.1223,0.0215,0.0,0.0,1.4927
Belize,2004,95.5538,2.0957,0.0155,0.0,0.569,1.766
Belize,2005,96.4612,1.6383,0.0,0.0,0.3993,1.5011999999999899
Belize,2006,96.6003,1.6551,0.0,0.0,0.3542,1.3903999999999999
Belize,2007,96.8397,1.5952,0.0,0.0,0.1638,1.40130000000001
Belize,2008,97.4898,1.078,0.0,0.0,0.0852,1.34699999999999
Belize,2009,97.7154,0.9897,0.0,0.0,0.0687,1.22619999999999
Belize,2010,97.9044,0.86,0.0353,0.0,0.0537,1.14660000000001
Belize,2011,97.8421,0.7684,0.0787,0.0,0.0368,1.274
Belize,2012,98.0193,0.7243,0.0598,0.0,0.0194,1.1772
Belize,2002,93.8242,3.5434,0.0497,0.0,0.9652,1.6175
Belize,2001,93.0606,4.0768,0.0732,0.0,1.2801,1.50930000000001
Belize,2015,98.6887,0.3712,0.1137,0.0,0.0,0.826400000000007
Belize,2016,98.787,0.3307,0.1261,0.0,0.0,0.756199999999993
Belize,2017,98.4563,0.3338,0.1187,0.0,0.0,1.0912
Belize,2018,98.5174,0.2825,0.1017,0.0,0.0,1.0984
Belize,2019,98.3693,0.2481,0.0867,0.0,0.0,1.2959
Belize,2020,98.4734,0.2301,0.0706,0.0,0.0,1.2259
Belize,2021,98.4751,0.2102,0.063,0.0,0.0,1.2517
Belize,2022,98.5667,0.1715,0.047,0.0,0.0,1.2148
Belize,2023,98.5884,0.1526,0.0342,0.0,0.0,1.2248
Belize,2014,98.3738,0.4734,0.1257,0.0,0.0,1.02709999999999
Belize,2013,98.1878,0.6372,0.0845,0.0,0.0,1.09050000000001
Benin,2016,37.9117,3.5986,15.4287,0.0,0.0,43.061
Benin,2004,51.8717,5.4107,6.8373,0.0,0.0,35.880300000000005
Benin,2023,29.6475,49.7234,4.0123,0.0,0.0,16.6168
Benin,2022,28.3275,47.4893,4.6234,0.0,0.0,19.5598
Benin,2021,25.285,48.5619,5.0594,0.0,0.0,21.0937
Benin,2020,30.2408,34.3961,7.0902,0.0,0.0,28.2729
Benin,2019,29.8783,32.9593,8.6536,0.0,0.0,28.5088
Benin,2018,34.0297,18.3674,11.2052,0.0,0.0,36.3977
Benin,2017,36.1943,6.2047,13.5847,0.0,0.0,44.0163
Benin,2015,35.4983,4.0475,17.0447,0.0,0.0,43.4095
Benin,2014,34.1955,4.3618,18.9093,0.0,0.0,42.5334
Benin,2013,32.1673,5.1016,21.822,0.0,0.0,40.9091
Benin,2012,31.4226,4.0919,25.1233,0.0,0.0,39.3622
Benin,2011,31.4372,4.7068,25.2979,0.0,0.0,38.5581
Benin,2010,32.183,5.4888,25.3116,0.0,0.0,37.016600000000004
Benin,2009,28.827,6.223,27.1879,0.0,0.0,37.7621
Benin,2008,29.186,5.2868,25.9562,0.0,0.0,39.571000000000005
Benin,2007,27.3284,5.6709,25.8767,0.0,0.0,41.123999999999995
Benin,2006,26.7541,5.9492,25.1467,0.0,0.0,42.15
Benin,2005,50.3806,4.3831,8.2223,0.0,0.0,37.014
Benin,2003,55.3261,5.8396,3.6779,0.0,0.0,35.156400000000005
Benin,2002,54.1106,9.334,2.7485,2.1545,0.2986,31.3538
Benin,2001,55.2711,9.4378,2.7686,2.1789,0.2987,30.0449
Benin,2024,28.794,53.6724,3.0474,0.0,0.0,14.4862
Bhutan,2001,17.567,4.8958,5.4211,0.0,0.0,72.1161
Bhutan,2002,18.2846,8.4506,5.0505,0.0,0.0,68.2143
Bhutan,2014,21.4789,5.31,6.8348,1.9075,0.0,64.4688
Bhutan,2004,17.6239,10.3342,3.6143,0.0,0.0,68.4276
Bhutan,2005,18.2722,9.6214,3.3088,0.0,0.0,68.7976
Bhutan,2006,19.2427,10.9298,3.2481,0.0,0.0,66.5794
Bhutan,2007,18.9824,11.0987,4.8307,0.0,0.0,65.0882
Bhutan,2008,22.9308,11.5791,6.3546,0.0251,0.0,59.1104
Bhutan,2009,23.2595,10.7466,8.7326,0.0211,0.0,57.240199999999994
Bhutan,2010,21.672,9.5131,10.1626,3.1661,0.0,55.4862
Bhutan,2011,22.8667,8.4071,10.4233,3.5083,0.0,54.794599999999996
Bhutan,2012,20.3319,6.8899,9.1083,3.285,0.0,60.3849
Bhutan,2013,23.7542,6.5453,8.487,2.4667,0.0,58.7468
Bhutan,2024,30.9088,0.1391,4.1562,2.6588,0.0,62.137100000000004
Bhutan,2015,20.6001,4.0523,6.0929,1.8435,0.0,67.4112
Bhutan,2016,18.1238,3.0858,5.0915,1.6834,0.0,72.01549999999999
Bhutan,2017,17.6542,2.7742,5.5324,1.4992,0.0,72.54
Bhutan,2018,19.1386,2.1088,5.828,1.5254,0.0,71.39920000000001
Bhutan,2019,21.0395,1.671,5.8282,1.5381,0.0,69.92320000000001
Bhutan,2020,25.3433,1.2795,5.2436,1.3744,0.0,66.7592
Bhutan,2021,26.835,0.925,5.0806,1.2203,0.0,65.9391
Bhutan,2022,30.7111,0.6528,4.8905,1.8679,0.0,61.877700000000004
Bhutan,2023,31.6571,0.4035,4.6313,3.0962,0.0,60.2119
Bhutan,2003,17.7787,10.5859,4.2491,0.0,0.0,67.3863
Bolivia,2001,59.817,0.8346,0.5963,0.0,0.0,38.7521
Bolivia,2003,70.335,1.0133,0.6652,0.0,0.0,27.986500000000007
Bolivia,2002,64.7403,1.1064,0.6427,0.0,0.0,33.51059999999999
Bolivia,2024,91.8986,6.0056,0.6364,0.0221,0.0,1.4373
Bolivia,2022,92.9,4.4352,0.748,0.0284,0.0,1.8884
Bolivia,2021,91.7945,4.9553,0.855,0.0332,0.0,2.36200000000001
Bolivia,2020,92.2093,4.1352,0.9967,0.0366,0.0,2.6222
Bolivia,2019,92.3619,3.8194,1.0889,0.0214,0.0,2.7083999999999904
Bolivia,2018,93.2488,2.3507,1.2582,0.0158,0.0,3.1265
Bolivia,2017,92.6491,2.2808,1.4272,0.0145,0.0,3.6284
Bolivia,2016,93.1652,0.9928,1.7462,0.0153,0.0,4.0805
Bolivia,2015,91.9334,1.106,2.0021,0.0,0.0,4.9585
Bolivia,2014,90.6228,1.2837,2.3128,0.0,0.0,5.7807
Bolivia,2013,90.2996,1.6342,2.7078,0.0,0.0,5.358400000000009
Bolivia,2012,89.3795,1.9854,3.3765,0.0,0.0,5.258600000000009
Bolivia,2011,87.376,2.4521,4.0635,0.0,0.0,6.1084
Bolivia,2010,85.2469,2.9821,4.7675,0.0,0.0,7.0035
Bolivia,2009,82.2881,3.4498,4.9862,0.0,0.0,9.2759
Bolivia,2008,79.512,3.9103,4.7642,0.0,0.0,11.813500000000001
Bolivia,2007,77.2608,4.5875,4.9502,0.0,0.0,13.2015
Bolivia,2006,65.8445,2.8326,3.1106,0.0,0.0,28.212299999999992
Bolivia,2005,75.0403,1.5864,1.888,0.0,0.0,21.485299999999995
Bolivia,2004,72.6627,1.7751,1.4999,0.0,0.0,24.062300000000004
Bolivia,2023,91.5075,6.1153,0.6905,0.026,0.0,1.66070000000001
Bosnia and Herzegovina,2003,35.0694,36.0485,0.0688,1.0902,0.027,27.696099999999998
Bosnia and Herzegovina,2004,38.6922,36.2894,0.5125,1.1316,0.0246,23.3497
Bosnia and Herzegovina,2024,26.339,66.5376,0.5036,1.4407,0.0,5.1791
Bosnia and Herzegovina,2005,40.2304,35.6099,0.6504,1.1886,0.0229,22.2978
Bosnia and Herzegovina,2006,39.7218,37.5109,1.1385,1.2337,0.0245,20.370599999999992
Bosnia and Herzegovina,2007,38.9458,39.7902,1.53,1.1812,0.0226,18.5302
Bosnia and Herzegovina,2008,38.1888,40.531,1.9783,1.4426,0.016,17.84330000000002
Bosnia and Herzegovina,2009,32.5582,49.6301,2.0674,1.1626,0.0147,14.56699999999999
Bosnia and Herzegovina,2010,34.3153,47.9289,2.2708,1.2488,0.0133,14.22289999999999
Bosnia and Herzegovina,2011,34.1069,48.9039,2.3705,1.2265,0.0122,13.379999999999999
Bosnia and Herzegovina,2012,32.062,52.7496,2.2583,0.9806,0.011,11.9385
Bosnia and Herzegovina,2002,35.3409,33.0573,0.0504,0.1562,0.0286,31.36660000000001
Bosnia and Herzegovina,2014,28.1988,59.2376,1.8932,0.6071,0.0085,10.0548
Bosnia and Herzegovina,2015,31.1189,56.2529,1.8492,0.6454,0.008,10.12560000000001
Bosnia and Herzegovina,2016,31.3927,56.4912,1.7292,0.833,0.0058,9.5481
Bosnia and Herzegovina,2017,30.5378,58.2477,1.562,1.0721,0.0049,8.57549999999998
Bosnia and Herzegovina,2018,31.4621,57.4483,1.4454,1.7157,0.0034,7.9251
Bosnia and Herzegovina,2019,32.1789,56.5744,1.3666,2.3833,0.0027,7.4940999999999995
Bosnia and Herzegovina,2020,32.1899,56.7569,1.1882,2.6017,0.0014,7.2619
Bosnia and Herzegovina,2021,28.8727,62.0353,0.9397,2.1392,0.0,6.0131000000000006
Bosnia and Herzegovina,2022,28.3672,63.0884,0.7855,1.8784,0.0,5.8805
Bosnia and Herzegovina,2023,26.6623,65.8376,0.6299,1.6523,0.0,5.21790000000001
Bosnia and Herzegovina,2001,32.9872,31.2483,0.0,0.0,0.0303,35.73420000000001
Bosnia and Herzegovina,2013,28.425,58.3795,2.0384,0.7006,0.0095,10.447000000000012
Botswana,2013,10.0303,0.1616,0.2995,1.3946,0.3084,87.8056
Botswana,2011,7.7816,0.1732,0.3251,2.4141,0.5205,88.7855
Botswana,2022,37.0709,0.0605,0.1239,1.6133,0.0,61.131400000000006
Botswana,2021,35.1066,0.076,0.1537,1.8641,0.0016,62.798
Botswana,2020,19.1077,0.1076,0.2114,2.3628,0.0102,78.2003
Botswana,2019,17.4733,0.1089,0.2033,2.1958,0.0248,79.9939
Botswana,2018,16.5612,0.1158,0.2075,2.0055,0.0388,81.07119999999999
Botswana,2017,15.2055,0.1264,0.219,1.4556,0.056,82.9375
Botswana,2016,15.5752,0.1134,0.191,1.5353,0.0645,82.5206
Botswana,2015,14.2797,0.125,0.1992,0.8309,0.0757,84.48949999999999
Botswana,2014,14.5135,0.1432,0.2176,0.9609,0.1748,83.99
Botswana,2012,9.174,0.1592,0.3038,1.8602,0.3857,88.11710000000001
Botswana,2024,44.6946,0.0369,0.0789,6.3052,0.0,48.8844
Botswana,2010,7.9019,0.2706,0.4676,3.6294,0.8263,86.9042
Botswana,2009,7.6219,1.975,0.4747,3.4776,0.9579,85.49289999999999
Botswana,2008,24.221,7.0331,1.6792,13.6577,3.5393,49.8697
Botswana,2007,18.0528,7.8992,1.8051,13.1722,5.4388,53.6319
Botswana,2006,20.777,8.2128,1.901,10.3509,6.0643,52.694
Botswana,2005,20.4823,6.909,1.2486,17.1052,5.2455,49.0094
Botswana,2004,19.8618,7.1584,1.178,17.4363,5.254,49.1115
Botswana,2003,21.6596,6.9375,1.1657,17.9382,5.5094,46.7896
Botswana,2002,23.8322,6.0878,1.0941,17.3629,5.5387,46.0843
Botswana,2001,19.8023,8.5793,1.17,10.6877,2.013,57.74770000000001
Botswana,2023,37.6869,0.0546,0.1137,8.3622,0.0,53.7826
Brazil,2002,71.5553,13.1264,0.0,8.4595,0.585,6.273799999999992
Brazil,2001,69.3167,14.6896,0.0,8.5495,0.8268,6.6174000000000115
Brazil,2024,96.5341,1.4866,0.0274,0.3312,0.1032,1.51750000000001
Brazil,2021,96.5655,1.2546,0.0424,0.3208,0.2121,1.6046
Brazil,2020,95.8307,1.9754,0.0458,0.3818,0.2113,1.555
Brazil,2019,96.0385,1.8649,0.0462,0.4228,0.2072,1.4203999999999999
Brazil,2018,96.4142,2.0576,0.0413,0.4864,0.2042,0.796300000000003
Brazil,2017,95.6633,2.4806,0.0258,0.5791,0.2473,1.003899999999993
Brazil,2016,94.1059,3.7229,0.0148,0.6873,0.325,1.1440999999999901
Brazil,2015,93.586,3.9801,0.0096,0.78,0.3956,1.248700000000006
Brazil,2014,92.28,4.5802,0.007,0.902,0.5991,1.631699999999997
Brazil,2013,90.5636,4.8865,0.0045,1.4317,0.5267,2.5869999999999997
Brazil,2012,87.5387,5.0699,0.0,2.6938,0.6515,4.046099999999989
Brazil,2011,88.1934,4.3493,0.0,3.9311,0.0738,3.452400000000004
Brazil,2010,85.2379,6.1046,0.0,4.9862,0.0726,3.598700000000011
Brazil,2009,83.9965,7.2159,0.0,4.9654,0.1003,3.7218999999999998
Brazil,2008,80.3135,9.0039,0.0,5.8646,0.099,4.7189999999999985
Brazil,2007,80.4774,9.7641,0.0,4.6511,0.0019,5.105500000000003
Brazil,2006,78.6904,10.3839,0.0,5.3866,0.3328,5.206299999999998
Brazil,2005,79.0517,9.4261,0.0,6.1106,0.2465,5.165100000000005
Brazil,2004,73.9915,12.8228,0.0,6.8965,0.3495,5.939699999999995
Brazil,2003,74.9665,11.6365,0.0,6.6907,0.4958,6.210499999999999
Brazil,2022,96.2274,1.3748,0.0379,0.2789,0.1894,1.8915999999999902
Brazil,2023,95.7752,1.5895,0.0348,0.2865,0.1655,2.1485
Burkina Faso,2003,59.4806,3.7517,2.7019,0.0,0.0,34.065799999999996
Burkina Faso,2024,59.5678,12.043,2.4905,0.1301,0.0,25.7686
Burkina Faso,2004,60.8077,3.1211,6.3808,0.0,0.0,29.690399999999997
Burkina Faso,2005,56.5454,2.1018,8.5243,0.0,0.0,32.8285
Burkina Faso,2006,40.4519,6.8871,17.6771,0.0,0.0,34.9839
Burkina Faso,2007,41.4145,7.2319,15.1991,0.0,0.0,36.1545
Burkina Faso,2008,45.546,7.0439,12.7399,0.0,0.0,34.670199999999994
Burkina Faso,2009,44.9507,7.3108,11.5352,0.0,0.0,36.2033
Burkina Faso,2010,43.2735,6.9087,10.0681,0.0,0.0,39.7497
Burkina Faso,2011,43.1452,6.9116,9.3116,0.0,0.0,40.6316
Burkina Faso,2012,42.8611,7.164,8.5395,0.0,0.0,41.4354
Burkina Faso,2002,59.2881,4.1186,2.6197,0.0,0.0143,33.9593
Burkina Faso,2001,60.1521,5.3717,2.495,0.0,0.1062,31.875
Burkina Faso,2015,48.9511,5.602,7.022,0.0,0.0,38.424899999999994
Burkina Faso,2016,50.2813,5.4953,6.1456,0.0,0.0,38.077799999999996
Burkina Faso,2017,50.2644,6.0026,5.6544,0.0,0.0,38.078599999999994
Burkina Faso,2018,52.0583,6.2547,5.1948,0.0,0.0,36.492200000000004
Burkina Faso,2019,54.0101,7.9528,4.5176,0.0,0.0,33.5195
Burkina Faso,2020,55.4009,8.6104,3.8795,0.2498,0.0,31.8594
Burkina Faso,2021,55.5459,11.2989,3.4507,0.2094,0.0,29.4951
Burkina Faso,2022,56.8491,11.9447,3.1751,0.1772,0.0,27.8539
Burkina Faso,2023,57.3984,12.3644,2.8282,0.1518,0.0,27.2572
Burkina Faso,2014,44.7692,6.0756,7.6877,0.0,0.0,41.4675
Burkina Faso,2013,42.5879,7.2055,8.284,0.0,0.0,41.922599999999996
Burundi,2015,51.5637,0.0,25.9436,0.0,0.0,22.4927
Burundi,2011,43.8346,0.299,33.4313,0.0,0.0,22.4351
Burundi,2020,48.9248,4.6094,19.1873,0.0,0.0,27.2785
Burundi,2019,48.8657,4.6877,20.7908,0.0,0.0,25.6558
Burundi,2018,55.055,0.0,23.8317,0.0,0.0,21.1133
Burundi,2017,53.1208,0.0,25.197,0.0,0.0,21.682199999999998
Burundi,2016,53.108,0.0,24.753,0.0,0.0,22.139
Burundi,2014,48.8808,0.0,27.818,0.0,0.0,23.3012
Burundi,2013,49.1804,0.0,30.3892,0.0,0.0,20.430400000000002
Burundi,2012,47.3894,0.0,32.5649,0.0,0.0,20.0457
Burundi,2023,47.0901,12.9354,14.8058,0.0,0.0,25.1687
Burundi,2021,49.0426,8.3601,16.9667,0.0,0.0,25.6306
Burundi,2010,37.7889,10.0015,29.3462,0.0,0.0,22.863400000000002
Burundi,2008,63.3854,6.0006,7.3661,1.0106,0.0,22.23730000000001
Burundi,2007,63.5274,8.019,6.245,0.7781,0.0,21.4305
Burundi,2006,64.2791,7.7335,4.6938,0.7731,0.0,22.52050000000001
Burundi,2005,64.6425,7.642,3.2989,1.4494,0.0,22.9672
Burundi,2004,63.4995,8.3156,3.062,1.5171,0.0,23.60580000000001
Burundi,2003,60.3813,9.8155,2.5225,2.4599,0.0,24.82079999999999
Burundi,2002,60.2828,9.2575,1.9705,2.4911,0.0,25.9981
Burundi,2024,48.8942,11.9579,13.7589,0.0,0.0,25.389000000000003
Burundi,2001,60.6831,8.7261,1.953,2.539,0.0,26.0988
Burundi,2009,35.8104,18.0101,24.3742,0.0,0.0,21.805300000000003
Burundi,2022,49.9007,9.1652,15.846,0.0,0.0,25.088099999999997
Cabo Verde,2002,56.9545,12.3925,2.7345,0.0,0.0,27.918499999999998
Cabo Verde,2001,55.9802,12.0103,2.759,0.0,0.0,29.250500000000002
Cabo Verde,2004,58.8659,12.6544,2.9113,0.0,0.0,25.568399999999997
Cabo Verde,2014,28.3607,49.4323,1.1139,2.2347,0.0,18.8584
Cabo Verde,2003,57.5896,13.225,2.7808,0.0,0.0,26.4046
Cabo Verde,2005,58.9616,13.3816,3.0346,0.0,0.0,24.6222
Cabo Verde,2006,58.5105,14.9787,2.9699,0.0,0.0,23.5409
Cabo Verde,2007,57.7896,16.1143,2.9137,0.0,0.0,23.1824
Cabo Verde,2008,56.5947,18.1405,2.7495,0.0,0.0,22.5153
Cabo Verde,2009,49.5097,19.5879,2.5594,0.2164,0.0,28.1266
Cabo Verde,2010,42.4482,27.5193,2.1435,1.075,0.0,26.814
Cabo Verde,2011,35.3961,34.5742,1.7825,3.0064,0.0,25.2408
Cabo Verde,2012,30.9715,42.9552,1.4229,2.8158,0.0,21.834600000000002
Cabo Verde,2013,27.5081,49.0254,1.1755,2.6648,0.0,19.6262
Cabo Verde,2024,37.9914,36.2251,0.9077,3.3794,0.0,21.4964
Cabo Verde,2015,28.4512,47.9058,1.1081,3.7412,0.0,18.7937
Cabo Verde,2016,27.4667,48.6835,1.1255,4.4349,0.0,18.2894
Cabo Verde,2017,24.773,50.4639,1.0833,4.3391,0.0,19.340700000000002
Cabo Verde,2018,24.4018,48.7331,1.1319,4.9627,0.0,20.770500000000002
Cabo Verde,2019,26.5289,46.4033,1.1067,5.1179,0.0,20.8432
Cabo Verde,2020,27.4208,45.3212,1.0402,4.8353,0.0,21.3825
Cabo Verde,2021,30.1184,42.5882,1.0171,4.6285,0.0,21.6478
Cabo Verde,2022,32.6617,40.435,0.9737,4.0638,0.0,21.8658
Cabo Verde,2023,35.3333,38.8293,0.9346,3.6945,0.0,21.208299999999998
Cambodia,2003,39.6309,1.0305,0.5633,1.0794,0.0,57.6959
Cambodia,2002,33.7465,0.9633,0.4017,0.7441,0.0,64.1444
Cambodia,2004,42.0393,1.022,0.7627,1.2999,0.0,54.8761
Cambodia,2001,29.0203,0.8856,0.2843,0.3622,0.0,69.4476
Cambodia,2015,69.7505,1.5312,3.0328,3.2256,0.0,22.4599
Cambodia,2008,84.0423,1.3047,1.4407,3.0923,0.0,10.12
Cambodia,2009,83.1085,1.3243,1.4629,3.5592,0.0,10.5451
Cambodia,2010,80.4493,1.1998,1.3146,4.0885,0.0,12.9478
Cambodia,2011,75.0644,1.0467,1.1418,4.3363,0.0,18.4108
Cambodia,2012,71.9659,0.8432,1.4923,4.0953,0.0,21.6033
Cambodia,2013,71.2957,0.7627,1.6937,3.3859,0.0,22.862
Cambodia,2014,70.3746,0.8213,2.0951,3.0088,0.0,23.7002
Cambodia,2005,42.6332,0.8613,0.8524,1.2557,0.0,54.3974
Cambodia,2007,85.5197,1.3876,1.3906,2.4598,0.0,9.2423
Cambodia,2016,70.5354,1.4083,4.6191,3.5234,0.0,19.9138
Cambodia,2017,66.3633,2.5234,5.9729,3.8903,0.0,21.2501
Cambodia,2018,65.0479,2.9216,6.4095,4.6578,0.0,20.9632
Cambodia,2019,63.211,4.5805,6.6285,5.3689,0.0,20.2111
Cambodia,2020,61.6942,4.891,6.607,6.5247,0.0,20.2831
Cambodia,2021,59.9936,5.2263,6.4464,9.1937,0.0,19.14
Cambodia,2022,60.984,5.047,6.1337,11.0577,0.0,16.7776
Cambodia,2023,63.0514,4.8387,5.7204,11.1852,0.0,15.2043
Cambodia,2024,64.7566,5.5232,5.0963,10.5105,0.0,14.1134
Cambodia,2006,43.572,0.8981,0.9507,1.3344,0.0,53.2448
Cameroon,2003,22.7837,67.2916,0.2312,0.9755,1.5162,7.20180000000001
Cameroon,2005,19.5465,68.0011,0.5253,1.184,1.579,9.16410000000001
Cameroon,2004,16.0238,73.1953,0.3354,1.003,1.6384,7.80409999999997
Cameroon,2001,25.4455,63.8134,0.2581,0.8612,1.6823,7.93950000000001
Cameroon,2002,24.1521,65.5231,0.2428,1.0275,1.6291,7.42539999999999
Cameroon,2007,12.4623,73.2435,1.963,0.0,0.0,12.3312
Cameroon,2009,15.3902,64.1652,2.8184,0.0,0.0,17.6262
Cameroon,2010,23.943,53.4795,2.9359,0.3021,0.0,19.339499999999997
Cameroon,2011,27.1622,47.1225,3.0726,0.5048,0.0,22.1379
Cameroon,2012,31.6467,40.5898,2.5188,0.5149,0.0,24.7298
Cameroon,2013,37.9482,37.8993,2.0982,0.4786,0.0,21.5757
Cameroon,2014,43.1125,32.2585,1.8786,0.5667,0.0,22.183699999999998
Cameroon,2015,54.772,24.4624,1.4664,0.5639,0.0,18.7353
Cameroon,2016,56.8472,21.8727,1.4011,0.6065,0.0,19.2725
Cameroon,2006,9.865,78.4399,1.2669,0.0,0.0,10.4282
Cameroon,2017,57.5797,22.9267,1.2357,0.6843,0.0,17.573600000000003
Cameroon,2019,56.3061,21.7807,1.0117,0.8344,0.0,20.0671
Cameroon,2020,55.0558,21.2438,1.0498,0.8208,0.0,21.8298
Cameroon,2021,52.6584,25.1176,0.9739,0.7764,0.0,20.4737
Cameroon,2022,53.2773,23.7482,1.034,0.687,0.0,21.2535
Cameroon,2023,53.0806,23.6453,1.0613,0.6728,0.0,21.54
Cameroon,2024,56.0601,22.0471,1.0565,0.5968,0.0,20.239500000000003
Cameroon,2018,54.3144,22.7676,1.1082,0.7511,0.0,21.058699999999998
Cameroon,2008,14.2581,66.8406,2.4242,0.0,0.0,16.4771
Central African Republic,2005,58.2329,7.0011,7.4658,0.5544,0.1017,26.644099999999998
Central African Republic,2001,61.9223,5.1935,7.7235,0.5702,0.0984,24.492099999999997
Central African Republic,2006,56.1141,7.5748,7.3452,0.5549,0.117,28.293999999999997
Central African Republic,2004,57.6334,7.3349,7.6002,0.5879,0.1068,26.73679999999999
Central African Republic,2007,59.8751,6.865,7.592,0.3129,0.1168,25.2382
Central African Republic,2008,61.4234,6.3454,7.2432,0.3721,0.0865,24.5294
Central African Republic,2009,49.7092,12.4331,8.1332,0.0,0.0,29.7245
Central African Republic,2010,46.2905,13.1231,0.0,0.0,0.0,40.5864
Central African Republic,2011,50.7685,13.8376,0.0,0.0,0.0,35.393899999999995
Central African Republic,2012,50.8695,12.8169,0.2325,0.0,0.0,36.081100000000006
Central African Republic,2013,47.7351,12.2836,0.3002,0.0,0.0,39.6811
Central African Republic,2014,47.9002,8.8447,0.4762,0.0,0.0,42.7789
Central African Republic,2002,50.2534,5.5141,5.4989,0.5163,0.0857,38.1316
Central African Republic,2015,50.452,7.4278,0.427,0.0,0.0,41.6932
Central African Republic,2017,56.7799,5.3385,0.7965,0.0,0.0,37.085100000000004
Central African Republic,2018,61.8903,4.8279,5.7811,0.0,0.0,27.500700000000002
Central African Republic,2019,63.7958,4.4282,4.4405,0.0,0.0,27.335500000000003
Central African Republic,2020,67.8469,4.3861,4.6808,0.0,0.0,23.0862
Central African Republic,2021,63.5699,3.9105,4.1311,0.0,0.0,28.3885
Central African Republic,2022,64.8236,4.3378,3.5372,0.0,0.0,27.3014
Central African Republic,2023,62.4135,4.7752,3.3898,0.0,0.0,29.4215
Central African Republic,2024,62.0968,4.6805,3.1199,0.0,0.0,30.1028
Central African Republic,2016,51.1483,7.1723,0.715,0.0,0.0,40.9644
Central African Republic,2003,57.9743,7.2798,7.5742,0.624,0.1023,26.4454
Chad,2015,79.895,0.6422,1.3574,0.0,0.0,18.1054
Chad,2023,56.0424,7.3446,1.601,0.0,0.0,35.012
Chad,2001,60.1478,3.4626,1.3626,0.0,0.0,35.027
Chad,2003,64.532,3.8511,1.1019,0.0,0.0,30.515
Chad,2004,64.7756,3.8023,2.8529,0.0,0.0,28.5692
Chad,2005,64.7549,5.3208,2.649,0.0,0.0,27.2753
Chad,2006,63.6826,5.8903,2.7744,0.0,0.0,27.652700000000003
Chad,2007,62.9282,5.7913,2.9052,0.0,0.0,28.3753
Chad,2008,58.915,5.3942,3.1219,0.0,0.0,32.5689
Chad,2009,58.5626,5.4447,3.2967,0.0,0.0,32.696
Chad,2010,63.2431,4.3353,2.9963,0.0,0.0,29.4253
Chad,2024,62.7783,6.618,1.3513,0.0,0.0,29.2524
Chad,2011,56.9952,3.9581,2.7888,0.0,0.0,36.2579
Chad,2013,65.3637,2.7501,2.1292,0.0,0.0,29.756999999999998
Chad,2014,76.4163,1.6144,1.5259,0.0,0.0,20.4434
Chad,2016,78.0543,1.4931,1.3007,0.0,0.0,19.1519
Chad,2017,73.1025,3.1262,1.2552,0.0,0.0,22.5161
Chad,2018,71.9736,4.6194,1.2427,0.0,0.0,22.1643
Chad,2019,70.9944,5.5658,1.2255,0.0,0.0,22.2143
Chad,2020,66.0551,5.74,1.2122,0.0,0.0,26.9927
Chad,2021,63.0766,5.6253,1.2569,0.0,0.0,30.0412
Chad,2022,60.0828,6.3166,1.5188,0.0,0.0,32.0818
Chad,2012,56.9287,3.6535,2.7166,0.0,0.0,36.7012
Chad,2002,61.8048,3.1239,1.2242,0.0,0.0,33.8471
China,2014,92.6972,2.0189,0.0024,4.9444,0.0036,0.333500000000006
China,2002,72.0752,5.7688,0.048,15.5589,0.1093,6.439800000000007
China,2023,84.1757,3.9718,0.0,1.1926,0.2605,10.3994
China,2022,86.1276,3.5487,0.0,1.077,0.2236,9.0231
China,2021,84.8115,3.4521,0.0,1.2328,0.2417,10.2619
China,2020,84.8256,3.3192,0.0,2.0905,0.3417,9.423
China,2019,83.6847,3.0189,0.0,2.5254,0.0003,10.7707
China,2018,85.9217,1.9416,0.0,3.1415,0.0007,8.9945
China,2017,87.1499,1.3489,0.0,3.9773,0.0014,7.5225
China,2016,90.8604,1.4608,0.0002,5.3455,0.0021,2.3309999999999897
China,2015,91.9306,1.9201,0.0016,5.8681,0.0035,0.276100000000001
China,2013,89.507,3.1037,0.0044,6.8133,0.0052,0.5664
China,2012,86.3133,3.6227,0.0064,9.2317,0.0062,0.8197
China,2011,81.2868,4.624,0.0095,12.7712,0.0123,1.296200000000005
China,2010,77.9336,6.2825,0.0122,13.9933,0.0195,1.7589
China,2009,78.2274,6.0718,0.0137,13.5915,0.0299,2.0657
China,2008,76.6482,6.3587,0.0152,14.4569,0.0368,2.484200000000003
China,2007,76.6243,8.0412,0.0174,12.3302,0.0666,2.9202999999999997
China,2006,72.7345,8.5817,0.0178,15.2207,0.08,3.3653000000000013
China,2005,72.1694,8.1078,0.0179,15.8031,0.0836,3.818200000000007
China,2004,68.9033,9.3654,0.0195,17.2979,0.1041,4.3098000000000045
China,2003,69.94,7.5728,0.0537,17.4709,0.1149,4.847700000000006
China,2001,73.8015,4.7953,0.0491,14.666,0.103,6.585099999999995
China,2024,80.0268,3.9996,0.0,1.0576,0.0,14.916
Colombia,2001,72.1669,9.8856,0.0,3.8307,0.7002,13.416600000000008
Colombia,2002,72.0589,9.7185,0.0,3.7796,0.8163,13.626699999999998
Colombia,2024,94.587,4.1055,0.0117,0.0,0.0,1.2958
Colombia,2021,93.9948,4.0562,0.0182,0.0,0.0,1.9308
Colombia,2020,93.7345,4.2888,0.0227,0.0,0.0,1.95400000000001
Colombia,2019,93.8402,3.8326,0.0145,0.0,0.0,2.3127000000000097
Colombia,2018,92.7433,3.9616,0.0089,0.5409,0.0,2.7453000000000003
Colombia,2017,94.563,3.2669,0.0103,0.5339,0.0003,1.6256
Colombia,2016,95.394,2.5596,0.0063,0.5344,0.0009,1.50479999999999
Colombia,2015,97.3762,0.4863,0.0032,0.5498,0.0019,1.58260000000001
Colombia,2014,96.9865,0.0775,0.0,0.6158,0.0032,2.31699999999999
Colombia,2013,97.5508,0.1185,0.0,0.8117,0.005,1.51400000000001
Colombia,2012,96.636,0.155,0.0,1.1463,0.0069,2.0558000000000103
Colombia,2011,96.3991,0.1962,0.0,2.1136,0.0089,1.2821999999999898
Colombia,2010,94.6756,1.109,0.0,2.2874,0.0116,1.916399999999995
Colombia,2009,94.0226,1.291,0.0,2.1399,0.0142,2.5322999999999993
Colombia,2008,93.2947,1.5727,0.0,1.1232,0.0174,3.991999999999996
Colombia,2007,89.3185,3.6727,0.0,1.095,0.7524,5.1613999999999995
Colombia,2006,87.5494,3.7278,0.0,1.3117,0.8207,6.590399999999993
Colombia,2005,84.4547,4.4338,0.0,1.6187,0.8007,8.692099999999995
Colombia,2004,80.7978,6.5516,0.0,1.6888,0.8478,10.114000000000006
Colombia,2003,78.5987,6.4375,0.0,2.2729,0.8199,11.870999999999999
Colombia,2022,93.7685,4.217,0.0166,0.0,0.0,1.9979
Colombia,2023,94.0146,4.1014,0.0141,0.0,0.0,1.8699
Comoros,2003,50.5771,3.992,1.4424,0.0,0.0,43.988499999999995
Comoros,2024,35.2255,6.405,3.6107,0.0,0.0,54.7588
Comoros,2004,51.0005,3.9591,1.9596,0.0,0.0,43.0808
Comoros,2005,50.1621,3.7349,3.1368,0.0,0.0,42.96619999999999
Comoros,2006,50.8477,3.6708,4.4239,0.0,0.0,41.057599999999994
Comoros,2007,51.5498,3.5531,6.0108,0.0,0.0,38.886300000000006
Comoros,2008,52.4209,3.4986,6.6579,0.0,0.0,37.4226
Comoros,2009,52.6674,3.5779,7.0212,0.0,0.0,36.7335
Comoros,2010,53.0182,3.864,7.1001,0.0,0.0,36.017700000000005
Comoros,2011,52.7812,3.7751,7.1673,0.0,0.0,36.276399999999995
Comoros,2012,48.5169,5.6595,7.8591,0.0,0.0,37.9645
Comoros,2002,47.877,4.0512,1.0445,0.0,0.0,47.0273
Comoros,2001,44.9179,4.2927,1.0657,0.0,0.0,49.7237
Comoros,2015,35.5948,3.4402,15.5667,0.0,0.0,45.398300000000006
Comoros,2016,40.898,2.1527,8.5926,0.0,0.0,48.3567
Comoros,2017,38.8873,2.3063,8.4908,0.0,0.0,50.315599999999996
Comoros,2018,24.5721,12.5732,5.1536,0.0,0.0,57.701100000000004
Comoros,2019,24.9553,11.4195,5.4685,0.0,0.0,58.1567
Comoros,2020,24.3929,10.2265,5.3006,0.0,0.0,60.08
Comoros,2021,24.7844,8.6097,4.6796,0.0,0.0,61.9263
Comoros,2022,27.7927,7.6744,4.1351,0.0,0.0,60.3978
Comoros,2023,30.2867,7.1446,3.8689,0.0,0.0,58.699799999999996
